2470 2190 0 0
2470 1980 0 0
2470 1840 0 0
2470 1560 0 0
2470 1490 0 0
2470 1280 0 0
2470 930 0 0
2470 790 0 0
2470 720 0 0
2470 650 0 0
2470 230 0 0
2470 160 0 0
2470 20 0 0
2470 -120 0 0
2470 -190 0 0
2470 -260 0 0
2470 -330 0 0
2470 -610 0 0
2470 -890 0 0
2470 -960 0 0
2470 -1030 0 0
2470 -1170 0 0
2470 -1240 0 0
2470 -1310 0 0
2470 -1450 0 0
2470 -1590 0 0
2470 -1660 0 0
2470 -1800 0 0
2470 -2010 0 0
2470 -2080 0 0
2470 -2150 0 0
2470 -2220 0 0
2470 -2500 0 0
2400 2470 0 0
2400 2330 0 0
2400 2260 0 0
2400 2190 0 0
2400 1700 0 0
2400 1630 0 0
2400 1420 0 0
2400 1280 0 0
2400 1210 0 0
2400 1070 0 0
2400 930 0 0
2400 790 0 0
2400 720 0 0
2400 580 0 0
2400 510 0 0
2400 440 0 0
2400 300 0 0
2400 230 0 0
2400 160 0 0
2400 -50 0 0
2400 -330 0 0
2400 2050 0 0
2400 -610 0 0
2400 -750 1 0
2400 -820 1 0
2400 -1170 0 0
2400 -1310 0 0
2400 -1380 0 0
2400 -1940 1 0
2400 -2010 0 0
2400 -2220 0 0
2400 -2290 0 0
2400 -2360 0 0
2400 -2430 0 0
2400 -2500 0 0
2330 2470 0 0
2330 2330 0 0
2330 2190 0 0
2330 2120 0 0
2330 2050 0 0
2330 1630 1 0
2330 1560 1 0
2330 1490 1 0
2330 1350 1 0
2330 1280 1 0
2330 1210 1 0
2330 1140 1 0
2330 790 1 0
2330 440 1 0
2330 300 1 0
2330 -50 1 0
2330 -190 1 0
2330 -330 1 0
2330 -470 1 0
2330 -540 1 0
2330 -890 1 0
2330 -1170 1 0
2330 -1380 1 0
2330 -1450 1 0
2330 -1730 1 0
2330 -2080 1 0
2330 -2220 1 0
2330 -2290 1 0
2330 -2360 1 0
2330 -2430 1 0
2330 -2500 0 0
2260 2400 1 0
2260 2330 0 0
2260 2260 1 0
2260 2190 1 0
2260 2120 1 0
2260 1980 1 0
2260 1910 1 0
2260 1770 1 0
2260 1630 1 0
2260 1490 1 0
2260 1420 1 0
2260 1350 1 0
2260 1280 1 0
2260 1210 1 0
2260 1140 1 0
2260 930 1 0
2260 790 1 0
2260 720 1 0
2260 650 1 0
2260 580 1 0
2260 510 1 0
2260 440 1 0
2260 370 1 0
2260 160 1 0
2260 90 1 0
2260 20 1 0
2260 -120 1 0
2260 -190 1 0
2260 -260 1 0
2260 -400 1 0
2260 -540 1 0
2260 -680 1 0
2260 -820 1 0
2260 -890 1 0
2260 -1590 1 0
2260 -1870 1 0
2260 -1940 1 0
2260 -2010 1 0
2260 -2150 1 0
2260 -2220 1 0
2260 -2290 1 0
2260 -2360 1 0
2260 -2430 1 0
2190 2260 1 0
2190 2050 1 0
2190 1910 1 0
2190 1560 1 0
2190 1420 1 0
2190 1350 1 0
2470 -680 0 0
2190 1280 1 0
2400 -960 1 0
2190 1140 1 0
2190 930 1 0
2190 860 1 0
2190 790 1 0
2190 580 1 0
2190 510 1 0
2190 370 1 0
2190 300 1 0
2190 230 1 0
2190 90 1 0
2190 -120 1 0
2190 -190 1 0
2190 -400 1 0
2190 -470 1 0
2190 -750 1 0
2190 -890 1 0
2190 -1170 1 0
2190 -1240 1 0
2190 -1380 1 0
2190 -1450 1 0
2190 -1660 1 0
2190 -1800 1 0
2190 -1870 1 0
2190 -2080 1 0
2190 -2150 1 0
2190 -2220 1 0
2190 -2430 0 0
2190 -2500 0 0
2120 2470 0 0
2120 2400 1 0
2120 2190 1 0
2120 2120 1 0
2120 1980 1 0
2120 1770 1 0
2120 1630 1 0
2120 1560 1 0
2120 1490 1 0
2120 1350 1 0
2120 1280 1 0
2330 1910 1 0
2120 1140 1 0
2120 1000 1 0
2120 370 1 0
2120 300 1 0
2120 230 1 0
2120 160 1 0
2120 -400 1 0
2120 -470 1 0
2120 -680 1 0
2120 -890 1 0
2120 -960 1 0
2120 -1030 1 0
2120 -1100 1 0
2120 -1170 1 0
2120 -1310 1 0
2120 -1450 1 0
2120 -1660 1 0
2120 -1870 1 0
2120 -2430 1 0
2120 -2500 0 0
2050 2260 1 0
2050 2190 1 0
2050 1980 1 0
2050 1910 1 0
2050 1770 1 0
2050 1700 1 0
2050 1560 1 0
2050 1350 1 0
2050 1280 1 0
2050 1140 1 0
2050 1070 1 0
2050 1000 1 0
2050 930 1 0
2050 790 1 0
2050 720 1 0
2050 580 1 0
2050 510 1 0
2050 370 1 0
2050 90 1 0
2050 20 1 0
2050 -50 1 0
2050 -120 1 0
2050 -260 1 0
2050 -330 1 0
2050 -400 1 0
2050 -540 1 0
2050 -680 1 0
2050 -750 1 0
2050 -1030 1 0
2050 -1100 1 0
2050 -1660 1 0
2050 -1800 1 0
2050 -1940 1 0
2050 -2150 1 0
2050 -2500 0 0
1980 2330 1 0
1980 2260 1 0
1980 2190 1 0
1980 2120 1 0
1980 1770 1 0
1980 1700 1 0
1980 1560 1 0
1980 1490 1 0
1980 1350 1 0
1980 1280 1 0
1980 1140 1 0
1980 1000 1 0
1980 930 1 0
1980 860 1 0
1980 790 1 0
1980 580 1 0
1980 300 1 0
1980 230 1 0
1980 90 1 0
1980 -50 1 0
1980 -120 1 0
1980 -680 1 0
1980 -750 1 0
1980 -820 1 0
1980 -960 1 0
1980 -1100 1 0
1980 -1380 1 0
2330 -1100 1 0
1980 -1450 1 0
1980 -1520 1 0
1980 -1590 1 0
1980 -1660 1 0
1980 -1730 1 0
1980 -1940 1 0
1980 -2150 1 0
1980 -2290 1 0
1980 -2360 1 0
1980 -2430 1 0
1910 2400 1 0
1910 2330 1 0
2400 -1100 0 0
1910 2190 1 0
2190 -50 1 0
1910 1980 1 0
1910 1840 1 0
1910 1490 1 0
2190 -610 1 0
1910 1070 1 0
1910 860 1 0
1910 790 1 0
2050 -960 1 0
1910 720 1 0
1910 510 1 0
1910 370 1 0
1910 300 1 0
1910 160 1 0
1910 90 1 0
1910 20 1 0
1910 -50 1 0
1910 -120 1 0
1910 -400 1 0
1910 -470 1 0
1910 -540 1 0
1910 -610 1 0
1910 -750 1 0
1910 -820 1 0
1980 440 1 0
1910 -1030 1 0
1910 -1100 1 0
1910 -1310 1 0
1910 -1450 1 0
1910 -1590 1 0
1910 -1660 1 0
1910 -2080 1 0
1910 -2220 1 0
1910 -2290 1 0
1840 2470 0 0
2120 -2360 1 0
1840 2400 1 0
1840 2330 1 0
1840 2120 1 0
2050 -1380 1 0
1840 1980 1 0
1840 1840 1 0
2120 -190 1 0
1840 1770 1 0
1840 1560 1 0
1840 1420 1 0
1910 230 1 0
1840 1280 1 0
1840 1070 1 0
1840 1000 1 0
1840 720 1 0
1840 650 1 0
1840 510 1 0
2120 -1940 1 0
1840 440 1 0
1840 370 1 0
1840 160 1 0
1840 20 1 0
1840 -260 1 0
1840 -540 1 0
1910 2050 1 0
1840 -610 1 0
1840 -680 1 0
2470 2330 0 0
1840 -960 1 0
1840 -1100 1 0
1840 -1170 1 0
1840 -1310 1 0
1840 -1520 1 0
1840 -1660 1 0
1840 -1730 1 0
1840 -1870 1 0
1840 -2010 1 0
1770 2400 1 0
1770 2330 1 0
1770 2260 1 0
2050 -890 1 0
1770 2190 1 0
1770 2120 1 0
1770 2050 1 0
1770 1840 1 0
2330 -820 1 0
1770 1630 1 0
1770 1560 1 0
1770 1420 1 0
1770 1070 1 0
1770 930 1 0
1770 790 1 0
1770 720 1 0
1770 650 1 0
1770 370 1 0
2190 1770 1 0
1770 300 1 0
1770 160 1 0
1770 90 1 0
1770 20 1 0
1770 -50 1 0
1770 -120 1 0
1770 -260 1 0
1770 -330 1 0
1840 1700 1 0
1770 -610 1 0
1770 -680 1 0
1770 -890 1 0
1770 -960 1 0
1770 -1030 1 0
1770 -1310 1 0
2120 -1800 1 0
1770 -1380 1 0
1770 -1520 1 0
1770 -1660 1 0
2260 -1030 1 0
1770 -1730 1 0
1770 -2010 1 0
1770 -2080 1 0
1770 -2150 1 0
1840 -750 1 0
1770 -2500 0 0
1700 2400 1 0
1700 2330 1 0
1700 2260 1 0
2050 2120 1 0
1700 2190 1 0
1700 2050 1 0
1700 1980 1 0
1700 1910 1 0
1700 1770 1 0
1700 1700 1 0
1700 1630 1 0
2190 2400 0 0
1700 1560 1 0
1700 1490 1 0
1700 1280 1 0
1700 1210 1 0
1700 1000 1 0
1700 720 1 0
1700 650 1 0
1700 580 1 0
1700 370 1 0
1700 230 1 0
1700 160 1 0
1700 20 1 0
1700 -50 1 0
1700 -120 1 0
1700 -260 1 0
1700 -540 1 0
1700 -610 1 0
2260 -960 1 0
1700 -750 1 0
1700 -820 1 0
1700 -960 1 0
1700 -1030 1 0
2400 1910 0 0
1700 -1100 1 0
1700 -1240 1 0
1700 -1450 1 0
1700 -1520 1 0
1700 -1590 1 0
1980 -470 1 0
1700 -1660 1 0
1700 -1800 1 0
1700 -2010 1 0
1700 -2080 1 0
1700 -2150 1 0
1700 2470 0 0
1700 -2290 1 0
1700 -2360 1 0
1630 2400 1 0
1630 2330 1 0
2050 -2430 0 0
1630 2260 1 0
1630 2190 1 0
1630 2120 1 0
1630 2050 1 0
1630 1980 1 0
1630 1910 1 0
2120 -50 1 0
1630 1700 1 0
1630 1630 1 0
1630 1560 1 0
1630 1280 1 0
1630 1000 1 0
1630 930 1 0
1700 -680 1 0
1630 860 1 0
1630 580 1 0
2400 -1240 0 0
1630 510 1 0
1630 370 1 0
1630 300 1 0
1980 -1800 1 0
1630 230 1 0
1630 160 1 0
1630 90 1 0
1630 20 1 0
1630 -120 1 0
1630 -260 1 0
2050 -470 1 0
1630 -400 1 0
1630 -540 1 0
1840 580 1 0
1630 -610 1 0
1630 -750 1 0
2050 -1590 1 0
1630 -820 1 0
1630 -890 1 0
1980 720 1 0
1630 -1100 1 0
1630 -1170 1 0
1630 -1380 1 0
1630 -1800 1 0
1630 -1870 1 0
1630 -1940 1 0
1630 -2010 1 0
1630 -2080 1 0
2190 2190 1 0
1770 1700 1 0
1630 -2150 1 0
1980 2470 0 0
1630 -2220 1 0
1560 2330 1 0
1560 2260 1 0
1560 2120 1 0
1560 2050 1 0
1560 1910 1 0
1560 1840 1 0
1560 1630 1 0
1560 1560 1 0
1560 1490 1 0
1560 1280 1 0
1560 1210 1 0
1560 1070 1 0
1560 580 1 0
1560 440 1 0
2400 -190 0 0
1560 160 1 0
1560 90 1 0
1560 20 1 0
1560 -50 1 0
1560 -120 1 0
1560 -190 1 0
1560 -330 1 0
1560 -470 1 0
2470 -540 0 0
1560 -610 1 0
1560 -820 1 0
1560 -1100 1 0
1770 -1940 1 0
1560 -1170 1 0
1560 -1240 1 0
1560 -1660 1 0
1560 -1800 1 0
1560 -1870 1 0
1560 -2080 1 0
1560 -2150 1 0
1560 -2290 1 0
1560 -2430 1 0
1490 2400 1 0
2190 -540 1 0
1490 2330 1 0
1490 2260 1 0
1490 2190 1 0
2470 2470 0 0
1490 2120 1 0
1490 2050 1 0
1490 1770 1 0
1490 1700 1 0
1490 1630 1 0
1490 1350 0 0
1490 1140 0 0
1490 930 0 0
1490 860 0 0
2120 580 1 0
1490 790 1 0
1490 720 1 0
1490 370 1 0
1490 300 1 0
1490 230 1 0
1490 90 1 0
1490 -50 1 0
1490 -540 1 0
1490 -610 1 0
1490 -680 1 0
2190 -960 1 0
2120 -610 1 0
1770 -2360 1 0
1490 -820 1 0
2400 1350 0 0
1490 -890 1 0
1490 -1100 0 0
1490 -1170 0 0
1490 -1310 0 0
1490 -1450 0 0
1490 -1590 1 0
1490 -1660 1 0
1490 -1730 1 0
1490 -1800 1 0
1490 -2080 1 0
1490 -2150 1 0
1490 -2220 1 0
1490 -2290 1 0
1490 -2360 1 0
1490 -2430 1 0
1420 2470 0 0
1420 2050 1 0
1420 1980 1 0
1420 1910 1 0
1420 1630 1 0
1420 1560 1 0
1420 1490 1 0
1420 1350 0 0
1420 1280 0 0
1420 1210 0 0
1420 1070 0 0
1420 1000 0 0
1420 650 1 0
1420 580 1 0
2330 1420 1 0
1420 510 1 0
1420 440 1 0
1420 300 1 0
1420 160 1 0
1420 90 1 0
1420 20 1 0
1420 -50 1 0
1420 -120 1 0
1420 -400 1 0
1420 -540 1 0
1420 -890 1 0
1420 -1100 0 0
1420 -1170 1 0
1420 -1380 0 0
1420 -1450 0 0
1420 -1520 1 0
1420 -1590 1 0
1700 2120 1 0
1630 1350 1 0
1420 -1660 1 0
1420 -1730 1 0
1420 -1800 1 0
1420 -1940 1 0
2400 -260 0 0
1420 -2220 1 0
1420 -2290 1 0
1420 -2360 1 0
1420 -2430 1 0
1420 -2500 0 0
1350 2470 0 0
1350 2400 1 0
1350 2260 1 0
1420 790 1 0
1350 1910 1 0
1560 720 1 0
1350 1770 1 0
1350 1490 1 0
1350 1420 1 0
1350 1350 1 0
1350 1140 1 0
1350 1070 1 0
1350 1000 0 0
1350 790 1 0
1350 720 1 0
1700 930 1 0
1350 440 1 0
1420 720 1 0
1350 370 1 0
1350 230 1 0
1350 90 1 0
1350 20 1 0
1350 -120 1 0
1350 -260 1 0
1350 -610 1 0
1350 -680 1 0
1350 -820 1 0
1490 -120 1 0
1350 -890 1 0
1350 -1100 0 0
1350 -1310 1 0
1350 -1380 0 0
2050 1490 1 0
1350 -1450 0 0
1350 -1520 1 0
1350 -1590 1 0
1350 -1870 1 0
1350 -1940 1 0
1350 -2010 1 0
1350 -2080 1 0
1350 -2150 1 0
1350 -2220 1 0
1350 -2360 1 0
1350 -2430 1 0
1280 2330 1 0
1280 2260 1 0
1280 2190 1 0
1280 2120 1 0
1280 2050 1 0
1280 1980 1 0
1280 1910 1 0
1280 1840 1 0
1280 1770 1 0
1280 1700 1 0
1280 1630 1 0
1280 1560 1 0
1280 1490 1 0
1280 1350 1 0
1280 1210 1 0
1280 1070 1 0
1280 1000 0 0
1280 930 0 0
1560 -960 1 0
1280 860 0 0
2330 -1800 1 0
1280 790 1 0
1280 300 1 0
1280 160 1 0
1280 -120 1 0
1280 -330 1 0
2330 -1660 1 0
1280 -400 1 0
1280 -540 1 0
2260 -1310 1 0
1280 -750 1 0
1280 -820 1 0
1280 -960 0 0
1280 -1100 0 0
2470 370 0 0
1280 -1240 1 0
1280 -1380 0 0
1280 -1450 0 0
1280 -1730 1 0
2400 -1520 1 0
2330 580 1 0
1280 -1800 1 0
1280 -2220 1 0
1280 -2290 1 0
1280 -2360 1 0
1280 -2430 1 0
1280 -2500 0 0
1210 2330 1 0
1210 2190 1 0
1210 1770 1 0
1210 1630 1 0
1210 1490 1 0
1210 1420 1 0
1210 1280 1 0
1210 1210 1 0
1210 1140 1 0
1210 1070 1 0
1210 1000 0 0
1210 930 0 0
1210 860 0 0
1210 790 1 0
1210 720 1 0
1910 -1240 1 0
1210 650 1 0
1210 510 1 0
1210 440 1 0
1210 300 1 0
1210 160 1 0
1210 90 1 0
1210 2120 1 0
1210 -50 1 0
1210 -120 1 0
1210 -190 1 0
1210 -330 1 0
2470 -2430 0 0
1210 -400 1 0
1210 -470 1 0
1210 -540 1 0
1210 -960 1 0
1210 -1100 0 0
1210 -1170 0 0
1210 -1240 1 0
1210 -1310 1 0
1210 -1380 0 0
1210 -1450 0 0
1210 -1660 1 0
1490 -1940 1 0
1210 -1730 1 0
1210 -1870 1 0
1210 -2010 1 0
1210 -2150 1 0
1210 -2290 1 0
1210 -2360 1 0
1140 2400 0 0
1140 2330 1 0
1140 2260 1 0
1140 2190 1 0
1140 2120 1 0
1140 1980 1 0
1140 1840 1 0
1140 1770 1 0
1140 1560 1 0
1140 1420 1 0
1140 1350 1 0
1140 1070 0 0
1140 1000 0 0
1140 930 0 0
1140 860 0 0
2330 1980 0 0
1350 -50 1 0
1140 790 1 0
1140 510 1 0
1140 370 1 0
1210 -2430 1 0
1140 300 1 0
1140 230 1 0
1140 20 1 0
1350 -330 1 0
1140 -120 1 0
1140 -260 1 0
1140 -330 1 0
1140 -400 1 0
1140 -470 1 0
1140 -540 1 0
1140 -610 1 0
1140 -750 1 0
1350 -1240 1 0
1140 -1310 0 0
1140 -1660 1 0
1350 2120 1 0
1140 -1800 1 0
1140 -1940 1 0
1140 -2080 1 0
1140 -2150 1 0
1140 -2290 1 0
1140 -2500 0 0
1070 2400 0 0
1490 1000 0 0
1070 2330 1 0
1070 2260 1 0
1070 2120 1 0
1070 1980 1 0
1070 1840 1 0
2190 440 1 0
1840 790 1 0
1070 1630 1 0
1070 1560 1 0
1070 1490 1 0
1070 1070 0 0
1070 1000 0 0
1070 930 0 0
1070 790 1 0
1070 720 1 0
1140 2470 0 0
1070 650 1 0
1070 580 1 0
1350 -1660 1 0
1070 510 1 0
1560 -400 1 0
1070 440 1 0
1350 160 1 0
1070 300 1 0
1070 230 1 0
1070 20 1 0
2190 -680 1 0
1070 -50 1 0
1070 -120 1 0
1070 -330 1 0
1280 -50 1 0
1070 -540 1 0
1070 -750 1 0
1070 -890 1 0
1070 -960 1 0
2120 -540 1 0
1070 -1240 0 0
1070 -1310 0 0
1070 -1590 1 0
1070 -1660 1 0
1070 -1800 1 0
1070 -2080 1 0
1070 -2220 1 0
1070 -2360 1 0
1000 2470 0 0
1000 2400 0 0
1000 2330 1 0
1000 2190 1 0
2120 -2290 1 0
1000 2120 1 0
2260 -1660 1 0
1000 2050 1 0
1420 2190 1 0
1000 1910 1 0
2260 300 1 0
1000 1840 1 0
1000 1770 1 0
1000 1700 1 0
1000 1630 1 0
1840 -890 1 0
1000 1350 1 0
1000 1280 1 0
1000 1000 0 0
1000 930 1 0
1000 790 1 0
2190 1000 1 0
1000 650 1 0
1000 580 1 0
1700 -1380 1 0
1000 440 1 0
1000 300 1 0
1000 20 1 0
1000 -50 1 0
1000 -120 1 0
1000 -190 1 0
1000 -260 1 0
1000 -330 1 0
1000 -540 1 0
1070 -820 1 0
1000 -610 1 0
1000 -820 1 0
1000 -890 1 0
1000 -960 1 0
1000 -1170 1 0
1000 -1380 0 0
1700 1140 1 0
1000 -1450 0 0
1000 -1520 0 0
1000 -1800 1 0
1000 -1870 1 0
1000 -2080 1 0
2190 2120 1 0
1000 -2150 1 0
1000 -2220 1 0
930 2400 0 0
930 2330 1 0
930 2260 1 0
2330 90 1 0
930 2120 1 0
930 2050 1 0
930 1840 1 0
930 1770 1 0
1980 160 1 0
930 1490 1 0
2400 1980 0 0
930 1280 1 0
2330 1070 1 0
930 1210 1 0
930 1140 1 0
930 1000 1 0
930 860 1 0
930 790 1 0
930 720 1 0
2050 -2080 1 0
1070 -190 1 0
930 650 1 0
930 440 1 0
930 300 1 0
930 230 1 0
930 160 1 0
930 20 1 0
930 -50 1 0
930 -120 1 0
930 -330 1 0
930 -470 1 0
930 -540 1 0
930 -610 1 0
2120 -1520 1 0
930 -680 1 0
930 -750 1 0
930 -890 1 0
930 -960 1 0
930 -1100 1 0
930 -1170 1 0
1560 1000 1 0
930 -1240 1 0
930 -1450 1 0
1910 -1870 1 0
930 -1520 1 0
930 -1660 1 0
1350 1700 1 0
1070 -2500 0 0
930 -1730 1 0
2260 -1170 1 0
930 -1800 1 0
930 -1870 1 0
930 -2010 1 0
2330 1840 0 0
930 -2150 1 0
930 -2360 1 0
2470 -400 0 0
930 -2430 1 0
1140 -1590 1 0
930 -2500 0 0
860 2330 1 0
1210 580 1 0
860 2260 1 0
2470 2050 0 0
2400 2120 0 0
860 2190 1 0
1770 1350 1 0
860 2120 1 0
860 1980 1 0
2400 -1450 0 0
860 1910 1 0
860 1560 1 0
1000 -2010 1 0
860 1420 1 0
860 1350 1 0
860 790 1 0
860 650 1 0
2400 -1030 1 0
860 510 1 0
860 440 1 0
860 230 1 0
860 160 1 0
1000 -2500 0 0
860 90 1 0
860 -120 1 0
860 -190 1 0
860 -470 1 0
860 -540 1 0
860 -610 1 0
860 -680 1 0
860 -820 1 0
860 -890 1 0
860 -1100 1 0
2260 -2500 0 0
860 -1310 1 0
1140 -2360 1 0
860 -1380 1 0
860 -1590 1 0
860 -1660 1 0
860 -2010 1 0
860 -2150 1 0
860 -2220 1 0
860 -2290 1 0
860 -2360 1 0
860 -2430 1 0
1140 -1030 0 0
860 -2500 0 0
790 2330 1 0
2260 1700 1 0
790 2260 1 0
790 2120 1 0
790 1980 1 0
790 1910 1 0
790 1630 1 0
790 1560 1 0
790 1490 1 0
790 1420 1 0
790 1350 1 0
1000 -1940 1 0
790 1280 1 0
790 1210 1 0
790 930 1 0
790 860 1 0
790 580 1 0
790 440 1 0
790 370 1 0
790 230 1 0
790 160 1 0
790 -260 1 0
1280 -1170 0 0
860 1070 1 0
790 -470 1 0
790 -540 1 0
790 -750 1 0
790 -890 1 0
790 -960 1 0
790 -1100 1 0
790 -1310 1 0
2470 -1520 0 0
1910 -2150 1 0
860 -50 1 0
790 -1380 1 0
1490 1840 1 0
790 -1730 1 0
790 -1870 1 0
790 -2080 1 0
790 -2220 1 0
790 -2290 1 0
790 -2360 1 0
790 -2430 1 0
1420 1140 0 0
790 -2500 0 0
720 2470 0 0
720 2330 1 0
720 2260 1 0
720 2190 1 0
720 2120 1 0
720 1420 1 0
1490 -2500 0 0
720 1280 1 0
2330 -1310 1 0
720 1140 1 0
720 1000 1 0
720 930 1 0
720 860 1 0
720 790 1 0
720 650 1 0
720 580 1 0
720 440 1 0
1140 160 1 0
720 370 1 0
720 300 1 0
720 230 1 0
720 160 1 0
720 20 1 0
720 -50 1 0
720 -120 1 0
720 -190 1 0
720 1630 1 0
720 -260 1 0
720 -470 1 0
720 -540 1 0
1210 2400 0 0
720 -820 1 0
1210 2050 1 0
720 -890 1 0
720 -960 1 0
930 -190 1 0
720 -1100 1 0
860 930 1 0
720 -1240 1 0
720 -1590 1 0
720 -1660 1 0
2050 -1170 1 0
720 -1730 1 0
720 -1940 1 0
720 -2010 1 0
720 -2080 1 0
720 -2220 1 0
720 -2360 1 0
720 -2430 1 0
720 -2500 0 0
650 2330 1 0
650 2260 1 0
650 2120 1 0
650 1980 1 0
1280 -1310 1 0
650 1770 1 0
650 1630 1 0
1910 -2360 1 0
650 1560 1 0
650 1280 1 0
650 1140 1 0
650 1070 1 0
650 1000 1 0
650 930 1 0
650 860 1 0
1350 -400 1 0
650 790 1 0
2120 20 1 0
650 720 1 0
650 650 1 0
650 440 1 0
650 370 1 0
650 300 1 0
650 90 1 0
650 -50 1 0
650 -260 1 0
650 -330 1 0
650 -540 1 0
650 -610 1 0
650 -750 1 0
1630 1490 1 0
650 -820 1 0
650 -890 1 0
650 -960 1 0
1840 -470 1 0
1770 -1100 1 0
650 -1030 1 0
650 -1100 1 0
650 -1170 1 0
650 -1240 1 0
2330 2260 0 0
650 -1310 1 0
650 -1450 1 0
650 -1520 1 0
1560 -2500 0 0
650 -1660 1 0
650 -1730 1 0
790 -1660 1 0
650 -1800 1 0
650 -1870 1 0
1490 1210 0 0
650 -2080 1 0
650 -2150 1 0
650 -2220 1 0
650 -2290 1 0
1000 -2360 1 0
650 -2360 1 0
650 -2500 0 0
580 2470 0 0
580 2260 1 0
580 2120 1 0
1280 -470 1 0
580 2050 1 0
580 1910 1 0
580 1700 1 0
580 1560 1 0
580 1490 1 0
580 1420 1 0
580 1350 1 0
580 1140 1 0
580 790 1 0
1350 510 1 0
1000 230 1 0
580 720 1 0
580 650 1 0
580 510 1 0
2470 -1870 0 0
1000 -1030 1 0
580 440 1 0
1770 2470 0 0
580 300 1 0
-1100 370 1 0
580 -1450 1 0
-1100 20 1 0
-1100 -260 1 0
-820 -2150 1 0
-1100 -1310 0 0
-2080 2470 0 0
-960 650 1 0
20 -890 1 0
370 370 1 0
-1100 -1590 1 0
720 510 1 0
-2220 1490 1 0
-1590 230 1 0
-1100 580 1 0
-890 930 1 0
-1100 -1870 1 0
-1100 -1940 1 0
-1100 -2010 1 0
-1100 -2360 1 0
860 720 1 0
-1170 1560 1 0
-120 2260 1 0
-1100 -2430 1 0
300 -1380 0 0
370 -1030 1 0
-1030 -1030 1 0
-1170 1770 1 0
-1170 1700 1 0
-820 -960 1 0
90 720 0 0
-1170 1350 0 0
-120 -2010 1 0
-1170 790 1 0
-1170 510 1 0
650 -680 1 0
-2500 2260 0 0
790 300 1 0
-330 -330 1 0
1980 1630 1 0
-1170 -50 1 0
-1170 -400 1 0
-1170 -470 1 0
1280 -1940 1 0
-1170 -1030 0 0
2470 -1100 0 0
370 -1310 1 0
-1170 -1660 1 0
-470 -2360 1 0
-1170 -1730 1 0
-1940 2190 1 0
-1800 790 1 0
-1240 -330 1 0
510 -1870 1 0
2260 -1380 1 0
1490 -750 1 0
-1940 20 1 0
-1170 -2500 0 0
1070 1700 1 0
-1730 1210 1 0
650 580 1 0
-1590 1770 1 0
-1240 2260 1 0
2120 2330 0 0
-1520 -1940 1 0
-1240 2120 1 0
-1240 1630 1 0
440 -120 1 0
1210 1910 1 0
-1240 440 1 0
-1100 -2220 1 0
510 -2150 1 0
2330 160 1 0
-470 1980 1 0
-50 930 1 0
1420 -750 1 0
-1240 -750 1 0
-1380 1280 0 0
-1240 -820 1 0
-1870 -2080 1 0
-1030 2050 1 0
-1240 -960 1 0
-1240 -1100 0 0
-610 510 1 0
-1240 -1170 1 0
-1240 -1310 1 0
790 2050 1 0
-1240 -1450 0 0
-190 90 1 0
-1240 -2010 1 0
-1100 930 0 0
2190 -330 1 0
-1240 -2220 1 0
160 1420 1 0
-1310 2330 1 0
-610 1140 1 0
790 -1170 1 0
-330 -890 1 0
-1310 1980 1 0
-1170 2260 1 0
1140 720 1 0
-1310 -260 1 0
-1870 -890 1 0
-2220 1840 1 0
-1100 -330 1 0
1490 580 1 0
-1310 1140 1 0
2120 1070 1 0
-1310 1000 0 0
-1310 2400 0 0
-1310 930 0 0
160 -2360 1 0
-1310 790 1 0
-1800 1070 1 0
930 2190 1 0
-540 2330 1 0
2400 -1660 1 0
-540 -2220 1 0
-1310 580 1 0
-1310 370 1 0
-1310 300 1 0
-2220 -1310 1 0
1910 -1730 1 0
-1660 1840 1 0
-1310 160 1 0
-50 90 1 0
-1310 -400 1 0
510 930 1 0
930 510 1 0
-1310 -610 1 0
-330 1280 1 0
-1310 -890 1 0
-190 -190 1 0
-1310 2190 1 0
-1310 -960 1 0
-120 1210 1 0
-1310 -1240 1 0
2260 -1100 1 0
-1100 2330 1 0
-1310 -1870 1 0
2120 720 1 0
-1380 1000 0 0
-960 1420 1 0
-540 20 1 0
1910 -1520 1 0
-1310 -1940 1 0
1630 -1730 1 0
230 510 1 0
1350 -540 1 0
-750 -1310 1 0
-1310 -2360 1 0
-1100 1140 0 0
20 1630 1 0
-1380 1910 1 0
-1170 1630 1 0
2050 -1240 1 0
20 2470 0 0
1000 1210 1 0
-1100 -2150 1 0
-1310 -470 1 0
-1380 1070 1 0
1490 1280 0 0
-540 -960 1 0
-1100 -190 1 0
650 -400 1 0
-1380 930 0 0
-1380 860 1 0
-2430 -260 0 0
-1380 790 1 0
860 2050 1 0
-960 -890 1 0
-1380 720 1 0
-1380 510 1 0
-2080 1770 1 0
1630 -1240 1 0
-1380 300 1 0
-1380 230 1 0
-1450 930 0 0
-1380 -190 1 0
160 -2080 1 0
-1380 -470 1 0
-1730 -2500 0 0
-1380 -1380 1 0
-1380 160 1 0
-1380 -1730 1 0
-2360 -2360 1 0
2400 -680 1 0
-1240 -1870 1 0
-1380 -1940 1 0
-1380 -2430 1 0
1840 300 1 0
-1380 -2500 0 0
-1450 2470 0 0
1000 -1590 1 0
-1800 -1870 1 0
-2290 90 1 0
-1450 2400 0 0
-2010 2260 1 0
20 790 0 0
1770 860 1 0
-2150 -1170 1 0
2050 300 1 0
-540 -190 1 0
-1310 -750 1 0
650 -2010 1 0
-470 -2080 1 0
-680 -260 1 0
-1450 1140 1 0
-1450 790 1 0
-1450 650 1 0
650 1210 1 0
-400 -470 1 0
1980 1210 1 0
-1450 510 1 0
-1660 1280 1 0
1770 -1450 1 0
-1240 -2500 0 0
-1450 -190 1 0
-1240 1490 1 0
-1450 -330 1 0
1420 1420 1 0
1280 -1030 0 0
-750 2470 0 0
1700 -190 1 0
-1240 230 1 0
-1100 -890 1 0
-1450 -680 1 0
-2080 -820 1 0
-1450 -890 1 0
-1870 1420 1 0
-1450 -960 1 0
1910 1910 1 0
-1450 -1030 0 0
300 -1100 1 0
2400 650 0 0
-1450 -1450 0 0
-1450 -1520 1 0
-1450 -1870 1 0
2120 1910 1 0
-1450 -2220 1 0
2190 1840 1 0
-1450 -1940 1 0
300 -470 1 0
-1450 -2430 1 0
-1450 -2500 0 0
-1450 2050 1 0
-1170 2330 1 0
650 1840 1 0
-1520 2400 0 0
20 -1450 1 0
-1520 2120 1 0
1840 1910 1 0
-1520 1980 1 0
1560 790 1 0
-190 -470 1 0
2050 440 1 0
1840 860 1 0
-50 2330 1 0
-1170 440 1 0
-1520 1770 1 0
-1310 2260 1 0
-400 160 1 0
300 2120 1 0
-1520 1700 1 0
-1520 1630 1 0
-540 1490 1 0
2120 90 1 0
1630 -330 1 0
790 790 1 0
160 1770 1 0
1700 -2430 0 0
-1520 1420 1 0
20 1000 1 0
1560 1420 1 0
-540 300 1 0
510 1350 1 0
1490 1420 1 0
-1520 860 1 0
-1030 -190 1 0
-1450 1000 0 0
-1520 440 1 0
-2360 -1660 1 0
-2080 1560 1 0
1630 650 1 0
-1520 370 1 0
1560 -2010 1 0
-1520 300 1 0
-1520 20 1 0
-1240 300 1 0
-1870 1140 1 0
-680 650 1 0
860 1490 1 0
-330 -470 1 0
-1520 -820 1 0
-1520 -1100 0 0
230 -680 1 0
1770 -470 1 0
-1520 -1240 0 0
-1590 2330 0 0
-1520 -1870 1 0
-330 -2150 1 0
-1520 -2080 1 0
1210 -2500 0 0
-1520 -2220 1 0
-1870 1630 1 0
20 -1310 0 0
1770 1210 1 0
-1240 1000 0 0
-120 1980 1 0
-1100 230 1 0
-1520 -2430 1 0
-890 -1450 1 0
1560 -1940 1 0
-1380 -820 1 0
1140 1910 1 0
-2220 930 1 0
-1590 2400 0 0
-1870 1280 1 0
-120 -820 1 0
-540 790 1 0
-1590 2260 1 0
-1240 2470 0 0
2260 -1800 1 0
1910 1210 1 0
-2430 1770 0 0
-1450 1490 1 0
1490 -400 1 0
-470 -400 1 0
1070 -1730 1 0
-960 -330 1 0
-890 -540 1 0
-1590 1980 1 0
-1940 790 1 0
-1450 -1380 1 0
-890 860 1 0
-1590 1840 1 0
-680 -890 1 0
2260 -470 1 0
-890 -1030 1 0
720 -400 1 0
-1590 1070 1 0
-1450 -540 1 0
-610 1980 1 0
90 1280 1 0
-1240 -1520 1 0
2330 -610 1 0
370 -470 1 0
-1590 790 1 0
20 930 1 0
-1310 -120 1 0
-1520 -2360 1 0
-1590 580 1 0
-1590 370 1 0
-1590 300 1 0
-1590 160 1 0
-1170 2190 1 0
-1590 -120 1 0
1280 1420 1 0
-1660 -1520 1 0
-1310 440 1 0
-1520 160 1 0
1070 -470 1 0
-190 20 1 0
370 2050 1 0
-1590 -750 1 0
-470 -1450 1 0
-1590 -890 1 0
-1660 20 1 0
-750 1000 1 0
1490 -1520 1 0
-1170 -330 1 0
-1590 -1170 1 0
-1590 -1310 1 0
-750 -2430 1 0
-1310 -1800 1 0
-1030 -540 1 0
-1170 2400 0 0
-610 -610 1 0
1910 1000 1 0
-1170 2050 1 0
-1590 -1450 1 0
-1800 -2080 1 0
-540 1000 1 0
440 720 1 0
-1590 -1660 1 0
-1590 -1800 1 0
-1590 -1870 1 0
-1590 -1940 1 0
-1590 -2010 1 0
-2220 -1940 1 0
-2150 720 1 0
-1590 -2290 1 0
-1590 -2360 1 0
-1240 -120 1 0
-330 1700 1 0
-1240 -680 1 0
-1590 -2500 0 0
-1660 2470 0 0
-1730 1910 1 0
-1240 1420 1 0
720 -1520 1 0
-1310 510 1 0
1770 -190 1 0
-1590 -1590 1 0
-2080 650 1 0
-1660 2330 0 0
-1660 2260 1 0
-1800 -1590 1 0
-2500 -1240 0 0
2260 -1240 1 0
-190 -1730 0 0
2330 -1590 1 0
-2010 1000 1 0
-260 -960 1 0
160 440 1 0
-680 -120 1 0
-1660 1980 1 0
1140 1210 0 0
-1660 1700 1 0
720 -1380 1 0
-1450 860 1 0
-1240 -470 1 0
790 1770 1 0
-1660 1210 1 0
2120 -330 1 0
-1660 2190 1 0
-1450 -120 1 0
-1660 1140 1 0
-540 -1310 1 0
-1660 930 1 0
-1310 1280 0 0
-1380 20 1 0
-1660 860 1 0
-1660 790 1 0
-2290 -2150 1 0
-1660 370 1 0
-1660 230 1 0
-2080 2400 0 0
-1800 510 1 0
-1520 -1590 1 0
20 580 1 0
-2500 2400 0 0
-820 -750 1 0
1280 1280 1 0
-1660 90 1 0
790 -120 1 0
370 -400 1 0
2120 650 1 0
1630 1840 1 0
720 1910 1 0
-1660 440 1 0
-1660 -330 1 0
-2080 1140 1 0
-1660 -400 1 0
2190 -1590 1 0
-1380 -1170 1 0
-1660 -680 1 0
-1170 370 1 0
-1660 -750 1 0
-260 -1240 1 0
-1660 -1030 1 0
-610 1770 1 0
510 -2290 1 0
-1660 -1170 1 0
230 2050 1 0
-1660 -1310 1 0
-1660 -1730 1 0
1070 -1100 0 0
510 650 1 0
-1520 -610 1 0
1490 -960 0 0
-1940 -1380 1 0
-400 580 1 0
-1660 -2010 1 0
1350 1980 1 0
-1660 -2080 1 0
2120 790 1 0
-1660 -2150 1 0
-260 -190 1 0
-1660 -2220 1 0
2330 -750 1 0
1980 -400 1 0
-1660 -2360 1 0
1140 -1240 0 0
-1380 -1660 1 0
-1660 -1660 1 0
1980 1980 1 0
-610 -2080 1 0
1910 1140 1 0
-2220 90 1 0
-1730 2260 1 0
-820 -890 1 0
1910 -890 1 0
-1730 2190 1 0
-1730 1980 1 0
-1590 1280 1 0
-1730 1840 1 0
-1730 1700 1 0
1980 -2220 1 0
-680 -1380 1 0
-2360 1840 1 0
-1100 -1030 0 0
-1730 1560 1 0
-1730 1490 1 0
-2220 -1660 1 0
-2500 1000 0 0
-1660 -1590 1 0
-1030 1000 1 0
1910 1280 1 0
-1590 2120 1 0
-540 -2080 1 0
-1100 1000 0 0
-2290 -190 1 0
-1730 1070 1 0
-1730 860 1 0
-1730 790 1 0
650 -2430 1 0
-2500 1700 0 0
-1730 580 1 0
370 20 1 0
-1730 650 1 0
1420 -2150 1 0
-2220 -750 1 0
-1730 440 1 0
-1730 370 1 0
-2290 2400 0 0
2050 2470 0 0
790 720 1 0
230 -330 1 0
-1730 300 1 0
-1730 160 1 0
300 580 1 0
1980 2050 1 0
370 -50 1 0
-1240 1910 1 0
-1730 90 1 0
-1730 -50 1 0
-2150 2190 1 0
-1310 -1660 1 0
-1590 860 1 0
300 20 1 0
-1520 2190 1 0
-890 160 1 0
-1730 -260 1 0
-2220 790 1 0
-1450 370 1 0
-1730 -330 1 0
-400 -400 1 0
-1730 -890 1 0
-1450 300 1 0
-1520 -2500 0 0
-2500 1280 0 0
-1030 -1660 1 0
1560 -750 1 0
-890 650 1 0
2400 -540 0 0
2050 -190 1 0
930 -260 1 0
-120 -1730 0 0
-1730 -1100 1 0
2120 1420 1 0
-1590 -330 1 0
-1730 -1450 1 0
-1170 230 1 0
-610 -820 1 0
-1730 -1590 1 0
-1730 -1800 1 0
-750 230 1 0
930 -400 1 0
160 2050 1 0
-1240 -540 1 0
-1170 -2150 1 0
-1730 -2150 1 0
1350 -1170 0 0
-1730 -2220 1 0
2260 -610 1 0
-1730 -2290 1 0
1840 2050 1 0
510 -2360 1 0
-1730 1770 1 0
-1730 -2360 1 0
-1520 1280 0 0
-1170 -1310 0 0
-1800 2470 0 0
1280 -1520 1 0
-2360 510 1 0
2330 1000 1 0
-1380 -2010 1 0
2470 1630 0 0
2120 -1380 1 0
-610 -1870 1 0
-2360 720 1 0
-1800 2330 1 0
230 2470 0 0
2050 650 1 0
-1170 -1940 1 0
-2430 2050 0 0
-1800 2190 1 0
-1870 -820 1 0
-2290 -1240 1 0
-1660 1770 1 0
-1940 1700 1 0
1630 -190 1 0
-2220 -960 1 0
-1940 -680 1 0
-1800 1560 1 0
-1380 -1100 0 0
-1800 1280 1 0
650 160 1 0
-750 1980 1 0
-1800 1210 1 0
-1380 2400 0 0
1770 -1170 1 0
-260 -680 1 0
1350 -2500 0 0
-1800 1140 1 0
-1030 720 1 0
2050 2400 1 0
1420 -470 1 0
-960 -1870 1 0
-1800 860 1 0
-2080 -400 1 0
1560 1980 1 0
-1800 720 1 0
160 2190 1 0
-1800 650 1 0
-1520 1840 1 0
1140 1140 0 0
-2360 -1100 1 0
-1800 440 1 0
1000 1560 1 0
-750 1840 1 0
-330 930 1 0
-1520 -1520 1 0
-1800 230 1 0
-1800 20 1 0
1350 860 0 0
-1380 1980 1 0
-1800 -260 1 0
-1800 -330 1 0
20 1140 0 0
2120 -260 1 0
2120 -2220 1 0
-1240 930 0 0
440 -400 1 0
-1800 -610 1 0
1910 2120 1 0
-1590 -190 1 0
-680 1000 1 0
-1310 1910 1 0
-1800 -820 1 0
-1800 -890 1 0
-1380 -1520 1 0
-1800 1700 1 0
-1030 -1590 1 0
-2360 2330 0 0
-1030 -400 1 0
-1800 -960 1 0
-1800 -1030 1 0
-1310 2050 1 0
580 1000 1 0
-1310 -1590 1 0
1910 650 1 0
230 -470 1 0
-1380 -2360 1 0
-2220 650 1 0
-2360 650 1 0
1280 2470 0 0
-2290 1700 1 0
-1800 -1240 1 0
2260 -2080 1 0
-1800 -1380 1 0
2400 1000 0 0
1560 -890 1 0
-1870 1350 1 0
-1380 2120 1 0
-1800 -1520 1 0
-1100 510 1 0
-1730 1420 1 0
-2360 -400 1 0
-2290 2470 0 0
-610 -330 1 0
-1730 1350 1 0
-1520 510 1 0
2330 2400 0 0
-1800 -1660 1 0
2470 1420 0 0
-1030 -1450 1 0
-1520 -2010 1 0
-1800 -1800 1 0
-1730 2400 0 0
-1310 -540 1 0
1000 -1100 1 0
-260 -1870 1 0
-2010 -2080 1 0
-1800 -400 1 0
-1800 -2150 1 0
-1800 -2220 1 0
-400 -1800 1 0
-1800 -2290 1 0
-1170 1840 1 0
580 -1030 1 0
1560 510 1 0
-1520 2050 1 0
-1800 -2360 1 0
-1590 2050 1 0
-2220 -1730 1 0
-1380 1420 1 0
510 -1800 1 0
-1870 2470 0 0
-2080 -2080 1 0
-1870 -680 1 0
-1170 -610 1 0
1000 -470 1 0
-400 440 1 0
1560 1700 1 0
-400 1280 1 0
1420 2120 1 0
-1870 2330 0 0
-1870 1980 1 0
-1100 -2290 1 0
-1870 1840 1 0
1210 -1590 1 0
-1870 1770 1 0
-1240 -190 1 0
-750 1770 1 0
-330 -1100 1 0
-1170 650 1 0
-1310 1630 1 0
-1870 440 1 0
-1520 1210 0 0
-960 160 1 0
-2290 -1800 1 0
-1520 1070 0 0
-2080 -680 1 0
2400 860 0 0
1630 1210 1 0
-2080 -750 1 0
-2220 -50 1 0
-1170 1280 0 0
-1520 1560 1 0
-820 -1940 1 0
1000 1420 1 0
-750 -2290 1 0
1280 650 1 0
-400 -1240 1 0
230 2190 1 0
510 2400 0 0
-2290 1350 1 0
-1240 -1940 1 0
510 -1310 1 0
-2220 -260 1 0
-1940 1490 1 0
-330 -2430 1 0
-1100 -610 1 0
-1870 160 1 0
2470 1070 0 0
-750 300 1 0
-190 1910 1 0
790 -1030 1 0
-1730 -120 1 0
-2220 -1030 1 0
-1940 230 1 0
-120 1700 1 0
1000 720 1 0
-1170 930 0 0
-1310 20 1 0
1770 1910 1 0
1560 230 1 0
-1100 720 1 0
-1730 -1240 1 0
-1730 1000 1 0
-1800 -50 1 0
-960 -2360 1 0
2400 370 0 0
-1170 -1170 0 0
-2150 790 1 0
-890 -2010 1 0
-1590 20 1 0
-1520 2470 0 0
2470 1700 0 0
-540 -2500 0 0
-1730 -1870 1 0
-2010 -960 1 0
-1590 -470 1 0
230 2260 1 0
580 370 1 0
-2220 -1870 1 0
-2010 1490 1 0
2190 720 1 0
1560 -1380 1 0
-610 370 1 0
-2080 860 1 0
-2290 2330 0 0
-190 -750 1 0
-2080 790 1 0
1910 2470 0 0
-1100 650 1 0
1350 300 1 0
-1030 1490 1 0
1560 -1520 1 0
-1380 -2220 1 0
-1660 -190 1 0
-1450 -1730 1 0
-1310 -1730 1 0
-2010 -2010 1 0
-2220 2330 1 0
-610 580 1 0
1350 -1030 0 0
-2290 1630 1 0
-2360 2400 0 0
-1450 -1240 1 0
-2360 -610 1 0
20 -1940 1 0
-470 -1800 1 0
-2220 -2010 1 0
-2290 1490 1 0
-1380 -2290 1 0
1070 -1030 0 0
-1100 790 1 0
-1380 -1450 0 0
-2150 -1450 1 0
-1590 930 1 0
-2290 1210 1 0
1490 -190 1 0
-820 -1730 1 0
-680 2330 1 0
1420 1770 1 0
510 -610 1 0
860 -1800 1 0
510 1910 1 0
-1450 1350 0 0
-260 2330 1 0
-2290 1000 1 0
-2290 -540 1 0
440 2330 1 0
860 -1520 1 0
-1450 -750 1 0
-2290 930 1 0
-330 230 1 0
-1800 -1450 1 0
-470 230 1 0
-1520 790 1 0
-1100 1910 1 0
-1660 1630 1 0
-1940 -1240 1 0
720 2050 1 0
-2290 -750 1 0
90 2190 1 0
-2010 -2220 1 0
-1660 1560 1 0
2470 -50 0 0
2190 -1520 1 0
1560 -2360 1 0
-2220 -2220 1 0
-2290 -1100 1 0
-2290 -1310 1 0
-2290 -1380 1 0
-2290 -120 1 0
230 -1590 1 0
-2220 -680 1 0
-750 -1870 1 0
-1450 720 1 0
-1940 720 1 0
-2290 -1450 1 0
-190 1700 1 0
90 -1940 1 0
-1450 1210 0 0
-470 -960 1 0
-540 -1170 1 0
1840 -120 1 0
-120 1560 1 0
650 510 1 0
-1170 1210 0 0
-1030 -960 1 0
-960 20 1 0
-2080 -1030 1 0
-1030 -2010 1 0
1630 -1450 1 0
-1870 2120 1 0
-1450 1910 1 0
-2290 -1520 1 0
1420 -260 1 0
-1380 -890 1 0
1420 -1030 0 0
-1870 2260 1 0
-2010 2190 1 0
-610 860 1 0
-2220 -2360 1 0
-1450 160 1 0
-1940 -1520 1 0
-1730 -750 1 0
2190 -2360 1 0
-2290 -1660 1 0
2050 2330 0 0
790 1070 1 0
-330 440 1 0
-1100 1210 0 0
-610 1910 1 0
-1310 -1310 1 0
-540 2470 0 0
-330 -610 1 0
-2150 1210 1 0
-890 1910 1 0
-1520 -1660 1 0
-2430 -2150 0 0
-1730 720 1 0
2190 1490 1 0
-2360 20 1 0
-120 1070 1 0
-2290 2050 1 0
-2290 -2220 1 0
370 1140 1 0
-2290 -2290 1 0
-2010 790 1 0
20 860 1 0
-2290 -2360 1 0
1070 1350 0 0
-610 -1030 1 0
1280 20 1 0
90 860 1 0
650 2050 1 0
-1590 -1030 1 0
-2290 -2500 0 0
-2080 -2290 1 0
-400 -1380 1 0
-1240 -1660 1 0
1000 90 1 0
-680 790 1 0
2190 1700 1 0
1210 -750 1 0
-400 1700 1 0
-190 -1450 0 0
-2430 -2360 0 0
-1450 -2360 1 0
1140 -890 1 0
-1030 2260 1 0
2190 -260 1 0
-2360 2470 0 0
-1310 1560 1 0
-1800 1490 1 0
-1870 -1240 1 0
-2360 1980 1 0
-1520 580 1 0
-2430 -610 0 0
1140 -1730 1 0
-1870 720 1 0
-2430 -2010 0 0
-2080 1490 1 0
-1030 1420 1 0
-2360 1280 1 0
-890 -2290 1 0
-1240 860 1 0
580 580 1 0
-2500 -120 0 0
1490 440 1 0
-1310 -330 1 0
-1870 -1800 1 0
1770 -820 1 0
-400 -1030 1 0
930 1560 1 0
-1100 -1450 0 0
-2150 -1800 1 0
-1590 -1730 1 0
-2220 -1170 1 0
-400 -610 1 0
-2010 -2360 1 0
-1380 90 1 0
-2500 -540 0 0
650 1910 1 0
-2290 1560 1 0
-1380 -1240 1 0
-2360 1630 1 0
-190 720 0 0
-2360 -750 1 0
-2220 -120 1 0
-1450 1560 1 0
160 -1310 0 0
-2360 1490 1 0
-2290 860 1 0
-1450 2330 0 0
-2360 1000 1 0
-1660 -960 1 0
-2150 -1590 1 0
-2430 1490 0 0
-2080 1700 1 0
1980 -2080 1 0
1280 2400 1 0
-1730 930 1 0
-2500 1350 0 0
-1590 90 1 0
1210 1840 1 0
-2360 860 1 0
-1100 300 1 0
-1450 1840 1 0
90 -1870 1 0
-2290 -610 1 0
-1520 -1730 1 0
-1450 230 1 0
-1100 -540 1 0
-1100 -820 1 0
650 1350 1 0
-1380 -1030 0 0
-2500 2120 0 0
1700 -1730 1 0
1140 1700 1 0
-330 1420 1 0
720 1840 1 0
-1380 1700 1 0
-1100 90 1 0
-1450 2120 1 0
1770 -750 1 0
-1170 -1870 1 0
-1170 -190 1 0
-680 1560 1 0
-540 -330 1 0
-1380 -2150 1 0
-1940 -2500 0 0
-2360 160 1 0
-2150 -50 1 0
1420 2260 1 0
-190 -1870 1 0
-2150 -1870 1 0
-1800 90 1 0
-1730 -1030 1 0
-2360 -50 1 0
-190 2050 1 0
-1310 -680 1 0
-2080 720 1 0
90 790 0 0
-2500 230 0 0
1420 -610 1 0
300 -750 1 0
-2360 -260 1 0
-1170 1980 1 0
-1170 860 1 0
-2360 -2220 1 0
440 -1870 1 0
-2500 -1730 0 0
-750 -260 1 0
2330 -1870 1 0
1490 1070 0 0
-2430 790 0 0
90 2400 0 0
440 -820 1 0
20 1420 1 0
-1730 -1730 1 0
1630 1070 1 0
-2360 2190 1 0
-1310 -50 1 0
1350 -960 0 0
-400 -2150 1 0
-120 -260 1 0
-2080 -1870 1 0
1980 1420 1 0
-1240 510 1 0
1350 -750 1 0
-2360 -890 1 0
-1310 -1170 1 0
-1100 -1800 1 0
1280 -2080 1 0
90 -1730 0 0
1910 -190 1 0
-1170 1140 0 0
2330 650 1 0
-2150 -1730 1 0
2330 510 1 0
-1100 -1240 0 0
-1660 -1800 1 0
-2220 -2290 1 0
440 790 1 0
-1940 1840 1 0
-470 1490 1 0
-1310 -190 1 0
-2220 -1450 1 0
160 90 1 0
1980 -190 1 0
-2290 -2080 1 0
-2430 2260 0 0
-2430 720 0 0
-1660 -2500 0 0
-820 -2500 0 0
-190 -820 1 0
2120 -2080 1 0
-2220 -1380 1 0
-2290 2190 1 0
860 1700 1 0
790 1700 1 0
-1100 -400 1 0
300 650 1 0
-1730 2470 0 0
-2010 -1800 1 0
650 -1590 1 0
-2290 -400 1 0
-1310 -2290 1 0
650 1420 1 0
-1030 1070 1 0
-1450 -2290 1 0
-2500 -1800 0 0
-610 1700 1 0
230 1980 1 0
1770 -2430 1 0
-1380 -1590 1 0
-1800 -470 1 0
-2080 -1660 1 0
-960 2120 1 0
-1100 -2500 0 0
1840 -2290 1 0
-1240 -610 1 0
-2080 -1170 1 0
-2430 -1100 1 0
-2220 580 1 0
1700 -1170 1 0
-1660 -120 1 0
1070 -2150 1 0
-1100 -120 1 0
-960 -1170 1 0
720 -1450 1 0
-1380 -1310 1 0
1070 -260 1 0
-330 -1170 1 0
-2430 -820 0 0
-610 -680 1 0
-2360 -1450 1 0
-120 370 1 0
1910 440 1 0
1140 -1520 1 0
-2500 1840 0 0
1140 580 1 0
-1590 1350 1 0
-2150 2120 1 0
-1660 -1940 1 0
-190 -680 1 0
1140 -190 1 0
-1100 -680 1 0
-2150 1490 1 0
-2290 1770 1 0
1700 1420 1 0
-2150 1420 1 0
-2290 -820 1 0
1770 440 1 0
-2360 -190 1 0
-2080 1630 1 0
-190 1070 0 0
1000 1490 1 0
-610 -2220 1 0
-2500 -2360 0 0
440 -2010 1 0
2470 -2360 0 0
860 -2080 1 0
-2220 -2150 1 0
-540 -2430 1 0
1910 -960 1 0
230 -1380 0 0
-2290 1420 1 0
-2010 90 1 0
-2500 -470 0 0
1910 -680 1 0
-2360 1770 1 0
-2500 -2080 0 0
-890 -1940 1 0
650 1700 1 0
-1310 860 1 0
2120 -2150 1 0
-2080 -1730 1 0
-2360 370 1 0
-1100 -2080 1 0
-2010 1630 1 0
-2220 -820 1 0
-1520 -750 1 0
-1100 1840 1 0
-2220 -400 1 0
-2500 2050 0 0
1140 90 1 0
370 -2290 1 0
-1730 1630 1 0
2330 720 1 0
-750 160 1 0
2400 -2150 0 0
1210 370 1 0
-120 -1170 1 0
1840 -2080 1 0
-1660 -820 1 0
-1940 650 1 0
-1030 1210 1 0
1000 -1660 1 0
-2500 -750 0 0
-2290 300 1 0
-2220 160 1 0
2190 -1730 1 0
-2360 580 1 0
1630 440 1 0
1070 1280 0 0
-1030 1560 1 0
-2150 2260 1 0
-2500 1070 0 0
370 -960 1 0
230 -2220 1 0
-820 -540 1 0
-1940 510 1 0
-2290 1140 1 0
930 930 1 0
-2500 -1520 0 0
-120 -750 1 0
-1800 -1940 1 0
-2430 1840 0 0
-400 -1660 1 0
440 20 1 0
-1240 -1030 0 0
-2290 440 1 0
1350 2190 1 0
-2500 -1100 0 0
-2080 1350 1 0
-2290 1070 1 0
-680 -2220 1 0
-2500 -50 0 0
-1940 -960 1 0
-1520 -2290 1 0
-2360 1420 1 0
-2290 650 1 0
1700 1350 1 0
-2080 2190 1 0
-2500 2470 0 0
-2500 580 0 0
1490 1490 1 0
580 1280 1 0
-2360 -1590 1 0
440 -1940 1 0
930 -2290 1 0
-2500 370 0 0
2400 2400 0 0
300 1910 1 0
-2220 -1240 1 0
-680 -1170 1 0
-2010 1070 1 0
-1240 2190 1 0
-1240 -1590 1 0
160 160 1 0
-1310 -2080 1 0
1910 -1800 1 0
-330 1910 1 0
-260 -1170 1 0
-1940 2330 0 0
510 580 1 0
-2010 -1730 1 0
-2360 90 1 0
20 -1240 1 0
-1870 -2220 1 0
-2150 1000 1 0
-470 -890 1 0
440 -1170 1 0
1700 -2220 1 0
-1940 1210 1 0
-1030 160 1 0
-2430 -890 1 0
-2500 300 0 0
-470 -1870 1 0
-2500 20 0 0
-1940 -2150 1 0
-2430 2190 0 0
1350 -2290 1 0
-470 1700 1 0
20 1770 1 0
230 -260 1 0
1770 -1240 1 0
1070 1770 1 0
-750 860 1 0
-1310 1490 1 0
-2220 1980 1 0
-820 -1170 1 0
-2220 1420 1 0
1560 2190 1 0
-1590 2470 0 0
20 -400 1 0
-1380 2470 0 0
-2500 720 0 0
-2500 1420 0 0
440 1700 1 0
-120 -400 1 0
230 -1450 1 0
-610 1840 1 0
-1380 440 1 0
1420 2400 1 0
-2290 -470 1 0
-1800 1350 1 0
1210 1700 1 0
1210 -260 1 0
-1450 -400 1 0
-2290 -1870 1 0
2120 -120 1 0
90 -190 1 0
300 860 1 0
-2010 -750 1 0
790 -330 1 0
-2290 580 1 0
-960 1700 1 0
720 -1870 1 0
-190 -260 1 0
440 -1240 1 0
-1170 -1380 0 0
-2500 -1870 0 0
-1940 -1940 1 0
-190 -400 1 0
1490 -260 1 0
20 -1520 1 0
-1870 -540 1 0
-2290 -330 1 0
-2220 -2430 1 0
-2290 230 1 0
-960 1210 1 0
2470 -820 0 0
1210 -1520 1 0
-2500 -260 0 0
-1800 -120 1 0
-2360 -1030 1 0
300 -190 1 0
-1170 -960 1 0
-1870 790 1 0
-190 -2430 1 0
-1310 2470 0 0
-190 230 1 0
-2430 -330 0 0
860 1770 1 0
-1800 -540 1 0
2470 90 0 0
-2430 20 1 0
-1030 1630 1 0
-2430 -1030 1 0
-1310 90 1 0
230 -1100 1 0
-1100 860 0 0
1700 -330 1 0
-2360 -960 1 0
-2150 -2360 1 0
-2500 -190 0 0
1210 2260 1 0
-2080 2330 0 0
-610 -260 1 0
1840 -2220 1 0
-1870 -1520 1 0
-2500 -1940 0 0
1420 -190 1 0
-260 -610 1 0
-2500 -2290 0 0
-2080 -1800 1 0
2400 -120 0 0
1070 160 1 0
-2430 -1870 0 0
-1240 1700 1 0
-1380 1770 1 0
-680 160 1 0
-2220 230 1 0
1840 -2360 1 0
-2430 160 1 0
-2430 -1660 0 0
-190 -1940 1 0
2190 -1940 1 0
720 -680 1 0
300 720 1 0
-1590 1700 1 0
-2010 860 1 0
-2500 -1380 0 0
-1870 1560 1 0
-750 510 1 0
-1730 -820 1 0
-2500 -2150 0 0
160 -2220 1 0
650 -120 1 0
-1590 -1100 1 0
-2430 1700 0 0
2330 1700 1 0
-1660 1490 1 0
-330 1000 1 0
-2430 440 0 0
1560 2400 1 0
90 1560 1 0
300 -1800 1 0
-2220 300 1 0
20 -1870 1 0
300 -1520 0 0
-2010 -330 1 0
160 -890 1 0
-2080 -540 1 0
-2500 90 0 0
860 -1730 1 0
230 -2290 1 0
-1520 -470 1 0
-1100 -1660 1 0
-2290 20 1 0
300 1490 1 0
-2360 -1170 1 0
-50 -1870 1 0
-2430 1980 0 0
-330 -1380 1 0
-1590 -610 1 0
-2220 -1100 1 0
1770 1140 1 0
-2500 1490 0 0
-540 510 1 0
-2500 -680 0 0
-2500 1560 0 0
-2290 -1590 1 0
-1590 1000 1 0
1420 370 1 0
-400 1770 1 0
-2500 -1310 0 0
-1870 510 1 0
-2150 -960 1 0
-2500 2190 0 0
160 -1730 0 0
-2220 -330 1 0
-1590 -1520 1 0
-1940 -610 1 0
1350 -1730 1 0
-1380 2190 1 0
-1450 1630 1 0
1000 160 1 0
-1240 1210 1 0
-2360 1350 1 0
-2430 -2220 0 0
-1450 1770 1 0
-2360 -470 1 0
-2290 1840 1 0
-1380 -2080 1 0
90 -2430 1 0
-890 -1380 1 0
-1380 2330 1 0
720 2400 0 0
-1660 1420 1 0
-1870 -2500 0 0
-2430 -1940 0 0
-2290 2260 1 0
2470 2260 0 0
-2500 440 0 0
-1590 -2430 1 0
580 -1730 1 0
-470 510 1 0
-1870 20 1 0
230 230 1 0
-1170 -890 1 0
-2010 1560 1 0
-1450 -470 1 0
-1800 1420 1 0
1560 860 1 0
-1170 -1240 1 0
-750 1490 1 0
-2430 -1450 0 0
230 -2500 0 0
-1590 -50 1 0
370 -190 1 0
1770 1000 1 0
-2150 510 1 0
-2430 -1170 1 0
230 2120 1 0
790 -1800 1 0
-1660 -610 1 0
160 -2010 1 0
-2150 -610 1 0
-50 1700 1 0
-2500 160 0 0
-2150 -400 1 0
-1520 1350 0 0
-2430 -750 0 0
-2220 20 1 0
-2150 -1660 1 0
1840 -1940 1 0
-1590 -540 1 0
2470 -750 0 0
-2500 -610 0 0
-1240 -2430 1 0
-1240 20 1 0
1000 -1240 0 0
-2290 -1940 1 0
-470 90 1 0
-1450 20 1 0
-50 -2430 1 0
440 2400 0 0
-540 -2150 1 0
-1380 -750 1 0
1630 790 1 0
-1590 -1240 1 0
-2080 1280 1 0
-1870 2050 1 0
580 -1870 1 0
-1730 -190 1 0
-1940 -2290 1 0
-960 930 1 0
-2010 1840 1 0
-120 -120 1 0
790 -1520 1 0
-2500 650 0 0
-2430 -190 1 0
2400 1770 0 0
-2290 2120 1 0
-1450 -1590 1 0
-2220 -540 1 0
300 -1660 0 0
-2430 -120 1 0
-2220 1280 1 0
2190 -2010 1 0
-2220 -1800 1 0
1980 1840 1 0
-2080 -1520 1 0
-1730 -1310 1 0
-260 -1100 1 0
-2430 90 1 0
1070 -610 1 0
-1240 1840 1 0
-960 1560 1 0
720 90 1 0
-1660 -1870 1 0
-2010 -610 1 0
1070 1210 0 0
790 20 1 0
-1660 -1240 1 0
510 -1170 1 0
-2500 -960 0 0
-330 2330 1 0
1070 -2010 1 0
-1100 -1170 0 0
20 2190 1 0
-50 -260 1 0
300 -1240 1 0
-1660 -1380 1 0
-2290 1280 1 0
370 -1940 1 0
-1590 650 1 0
-2360 -540 1 0
-1870 -330 1 0
-2430 2330 0 0
-2360 -330 1 0
-2430 370 0 0
90 440 1 0
-2080 -960 1 0
-2220 -470 1 0
-1170 -1450 0 0
1630 -1660 1 0
-2150 1980 1 0
-750 930 1 0
-1940 90 1 0
-2500 -2220 0 0
1910 1770 1 0
370 -680 1 0
-820 -1870 1 0
-2430 650 0 0
580 20 1 0
-1100 -1100 0 0
-2010 20 1 0
-2430 860 1 0
1210 1560 1 0
-2500 930 0 0
-120 2190 1 0
1980 -610 1 0
20 -470 1 0
-470 1350 1 0
-2010 -1310 1 0
1770 -2220 1 0
-2500 -820 0 0
-1520 -1170 0 0
-2150 1070 1 0
720 1770 1 0
160 -1870 1 0
-2430 1070 0 0
20 -750 1 0
-470 1770 1 0
-1730 -610 1 0
-610 -750 1 0
-2430 580 0 0
-1730 -540 1 0
-120 -2290 1 0
2470 -1380 0 0
2400 -470 0 0
-1730 2120 1 0
-2080 1000 1 0
-890 1560 1 0
-1450 1280 0 0
-2500 1980 0 0
-1870 -50 1 0
1140 1490 1 0
-1940 930 1 0
-1450 90 1 0
-2150 -470 1 0
-680 -1100 1 0
2470 1910 0 0
-1520 1000 0 0
860 -260 1 0
-1660 -2290 1 0
-2360 -2500 0 0
-750 -1100 1 0
-470 2190 1 0
-260 300 1 0
-2500 -1660 0 0
2260 1000 1 0
-610 2050 1 0
-610 -890 1 0
-1170 160 1 0
-2430 1560 0 0
2470 300 0 0
-1380 -1870 1 0
-890 2120 1 0
-960 -960 1 0
-2360 1140 1 0
2260 1560 1 0
2120 -1590 1 0
1490 -2010 1 0
230 2330 1 0
-1170 -750 1 0
-820 -2360 1 0
1770 -2290 1 0
-1940 -1800 1 0
-260 1840 1 0
1420 -2010 1 0
-1380 -330 1 0
-2430 2120 0 0
-750 1910 1 0
-1170 1490 1 0
-2360 -2430 1 0
1000 1980 1 0
-1450 -2150 1 0
-540 -1590 1 0
-2500 510 0 0
-1800 -1170 1 0
-820 2470 0 0
230 1910 1 0
-2360 1560 1 0
-2360 -2080 1 0
1840 1210 1 0
-680 -1450 1 0
-610 2470 0 0
-1660 580 1 0
-1380 -680 1 0
-1660 510 1 0
-1800 -2500 0 0
-610 1350 1 0
-2360 -1940 1 0
930 -1310 1 0
-1940 -50 1 0
230 -2360 1 0
-1240 1350 0 0
580 -50 1 0
2120 440 1 0
440 -470 1 0
-1870 1910 1 0
-1520 2330 0 0
1070 2190 1 0
-2010 1770 1 0
1140 -50 1 0
-2360 -1800 1 0
-2360 -1520 1 0
-1240 -1380 1 0
-680 300 1 0
300 -1590 1 0
-2360 -1730 1 0
-1100 -750 1 0
2050 230 1 0
-2360 -1240 1 0
440 -1310 1 0
-1660 2400 0 0
-2360 -1380 1 0
160 2120 1 0
-2360 -1310 1 0
-1380 1210 1 0
-820 -1100 1 0
-1800 580 1 0
2470 -470 0 0
790 -2150 1 0
-1520 650 1 0
-1030 -610 1 0
-1030 230 1 0
1140 -1870 1 0
-2430 1630 0 0
1840 -1030 1 0
-2150 -1380 1 0
930 370 1 0
-1380 1630 1 0
-1240 790 1 0
510 160 1 0
-1100 1420 1 0
-750 -190 1 0
1350 1560 1 0
-1870 2400 0 0
370 2190 1 0
1840 -1450 1 0
-1590 -1380 1 0
1840 2190 1 0
-1310 1840 1 0
-750 -120 1 0
-1310 -2500 0 0
-2430 -960 1 0
440 -1030 1 0
-2010 -820 1 0
-260 1350 1 0
-820 -120 1 0
-190 -2220 1 0
-1730 -400 1 0
-2220 1000 1 0
2330 -1030 1 0
-1170 -120 1 0
1980 370 1 0
790 510 1 0
-2220 1140 1 0
-2080 -2500 0 0
1980 -260 1 0
-120 -470 1 0
90 -610 1 0
-470 580 1 0
2260 -1520 1 0
-2290 370 1 0
-1450 580 1 0
-2010 -1660 1 0
-1800 1770 1 0
2190 2470 0 0
-2010 580 1 0
1420 2330 1 0
-50 -400 1 0
1350 580 1 0
160 510 1 0
1000 -750 1 0
-2220 1630 1 0
-2220 1700 1 0
1490 -1030 0 0
-1940 -2360 1 0
1910 -1170 1 0
-2220 1770 1 0
-1660 650 1 0
-2150 2400 0 0
1980 -1030 1 0
1280 440 1 0
-2220 1910 1 0
-2010 2120 1 0
-1170 720 1 0
-50 -1030 1 0
-820 370 1 0
-2010 370 1 0
-2430 1140 0 0
-330 -960 1 0
-2220 2190 1 0
-400 -2500 0 0
-2010 2470 0 0
-1170 -2290 1 0
-820 1140 1 0
-190 2120 1 0
370 790 1 0
-2080 1070 1 0
-2500 1140 0 0
-1940 -890 1 0
370 -2150 1 0
-1870 -750 1 0
-1870 -960 1 0
1420 1840 1 0
-1240 1980 1 0
-470 -610 1 0
1630 -50 1 0
-2220 2400 0 0
-2220 2470 0 0
-2150 -1310 1 0
-2150 -2430 1 0
-1660 -1450 1 0
860 20 1 0
-2500 2330 0 0
-890 -1870 1 0
-2430 -1310 0 0
-2150 -1940 1 0
-2150 -1240 1 0
-960 2260 1 0
-1310 1070 1 0
-610 -960 1 0
-820 1350 1 0
-1170 -2360 1 0
300 -2500 0 0
2120 1840 1 0
370 -1870 1 0
-2010 2330 0 0
1910 -2430 1 0
-2500 1910 0 0
1140 650 1 0
-1310 1770 1 0
-540 -1240 1 0
-1310 -1100 0 0
-2150 -1030 1 0
-2150 -890 1 0
-2290 -1030 1 0
-1870 930 1 0
-1520 -540 1 0
-2150 -820 1 0
790 -1590 1 0
-1520 2260 1 0
-470 -2500 0 0
-330 -2360 1 0
-1030 -260 1 0
-50 -960 1 0
-2290 510 1 0
-2080 1210 1 0
1420 -960 0 0
-1660 -540 1 0
2400 20 0 0
1910 -330 1 0
-1380 -960 1 0
-1800 2400 0 0
2330 -960 1 0
-2150 -680 1 0
-2430 -1730 0 0
-820 1210 1 0
-2150 -540 1 0
1980 20 1 0
-2010 -260 1 0
-2150 -260 1 0
-1590 2190 1 0
-1660 1070 1 0
860 1280 1 0
440 1350 1 0
-2150 -120 1 0
580 1980 1 0
90 -1240 1 0
-2150 -190 1 0
-1520 1490 1 0
-890 -50 1 0
1210 1980 1 0
-2150 20 1 0
-1380 580 1 0
-1870 -400 1 0
2330 -1940 1 0
-1870 1210 1 0
-1590 -260 1 0
-890 -1590 1 0
-2010 -2290 1 0
-2150 160 1 0
1070 -1940 1 0
-1660 -260 1 0
-2150 230 1 0
2470 1210 0 0
440 230 1 0
1980 -1870 1 0
-2150 300 1 0
-1170 -1100 0 0
-1310 230 1 0
160 720 0 0
-2500 1770 0 0
-260 -2080 1 0
-2150 370 1 0
1700 1070 1 0
-120 580 1 0
2260 -750 1 0
-120 -1520 1 0
-2150 580 1 0
-680 -400 1 0
-2150 650 1 0
-1170 -2430 1 0
-750 -2220 1 0
-540 2400 0 0
-960 440 1 0
-1450 -2010 1 0
1350 -470 1 0
-680 1140 1 0
-2150 930 1 0
580 -960 1 0
-1170 -680 1 0
720 -750 1 0
-330 -50 1 0
-190 580 1 0
90 650 1 0
-1870 -1870 1 0
-540 930 1 0
-1590 440 1 0
-2150 1140 1 0
-260 650 1 0
-1730 -1940 1 0
-2150 1350 1 0
-120 2330 1 0
-1310 -2430 1 0
860 -1940 1 0
370 860 1 0
-1240 370 1 0
-610 2330 1 0
440 510 1 0
-2150 1560 1 0
-1800 160 1 0
20 -2150 1 0
-2500 -1170 0 0
-1870 -1170 1 0
-2220 -190 1 0
-2150 1910 1 0
300 2260 1 0
-2150 2050 1 0
-2150 2330 0 0
-1800 -750 1 0
300 -1730 1 0
-1240 650 1 0
-750 2260 1 0
-1800 2120 1 0
-260 -1450 0 0
1980 -1170 1 0
-2080 -2430 1 0
1770 -1870 1 0
-1940 -540 1 0
-1660 -50 1 0
-1940 -330 1 0
-960 1280 1 0
-2080 -2220 1 0
-2360 -1870 1 0
-1870 -1660 1 0
930 1350 1 0
-1590 1910 1 0
-2080 -1940 1 0
1840 -2150 1 0
-1940 1630 1 0
-1730 2330 0 0
-1870 230 1 0
790 -680 1 0
-2080 -1450 1 0
-2080 -1240 1 0
-1380 1490 1 0
20 -2290 1 0
-1240 2400 0 0
90 -400 1 0
-2080 -1100 1 0
-1800 1910 1 0
-190 370 1 0
-2080 -260 1 0
-2500 -400 0 0
-750 -680 1 0
300 1070 1 0
-1800 2260 1 0
-1170 580 1 0
-2080 -190 1 0
2120 -1240 1 0
790 -400 1 0
790 -1240 1 0
-820 1070 1 0
-1100 -960 1 0
1840 230 1 0
-750 -2150 1 0
-2080 20 1 0
720 1350 1 0
-2080 90 1 0
930 -1380 1 0
-2080 230 1 0
-330 1770 1 0
-2080 -330 1 0
-190 -1800 1 0
1560 -1450 1 0
-2080 300 1 0
-1240 2050 1 0
-680 2260 1 0
-750 -330 1 0
370 1000 1 0
-120 930 1 0
-2360 -2290 1 0
-960 -750 1 0
2330 -260 1 0
1630 -2500 0 0
1280 -190 1 0
-1240 2330 1 0
-2080 580 1 0
-1310 -2010 1 0
-1450 -1100 0 0
-2080 930 1 0
-1380 2260 1 0
-540 860 1 0
-1450 1980 1 0
-190 -330 1 0
-2220 -2080 1 0
-2080 1910 1 0
-2430 -1240 1 0
1350 650 1 0
-1940 -820 1 0
2050 1840 1 0
720 1560 1 0
-400 1070 1 0
-2080 2050 1 0
1700 90 1 0
860 1840 1 0
-190 1280 1 0
90 2330 1 0
-2080 2120 1 0
-2430 1280 0 0
510 1700 1 0
-2150 1630 1 0
-890 -400 1 0
-2080 2260 1 0
2120 1700 1 0
-1450 -1310 1 0
-190 650 1 0
1770 -400 1 0
-1380 650 1 0
-1380 -50 1 0
-120 -2430 1 0
-2010 -2430 1 0
-1660 720 1 0
370 720 1 0
-2010 -1450 1 0
160 20 1 0
-2430 1000 0 0
-2220 510 1 0
2050 2050 1 0
300 -610 1 0
-2010 -1870 1 0
440 -610 1 0
-1660 1350 1 0
-2010 -1380 1 0
860 1210 1 0
300 -2010 1 0
-2010 -1170 1 0
-680 1770 1 0
-1870 -2430 1 0
1840 -1240 1 0
-120 -190 1 0
-1310 -1450 0 0
2330 -2010 1 0
860 -1870 1 0
90 1350 1 0
-400 230 1 0
-2010 -1100 1 0
-1030 -1730 1 0
90 1140 0 0
-2220 -890 1 0
1770 -1800 1 0
720 -610 1 0
-750 -1590 1 0
-400 -2010 1 0
-2010 -1030 1 0
1070 860 1 0
-2010 -680 1 0
-2010 -540 1 0
-1590 -2080 1 0
-890 -190 1 0
2330 20 1 0
1350 1630 1 0
930 2470 0 0
-1940 -400 1 0
-470 860 1 0
1280 -2010 1 0
-2010 -470 1 0
-2010 -400 1 0
-680 2190 1 0
2400 -400 0 0
1770 510 1 0
-2010 -190 1 0
-1870 -190 1 0
-2010 160 1 0
-1660 -1100 1 0
-1940 -190 1 0
-1380 -260 1 0
-1380 1840 1 0
-960 -680 1 0
-1870 -1380 1 0
-1940 -1310 1 0
1840 -50 1 0
-820 1490 1 0
-190 1490 1 0
-2010 650 1 0
1700 790 1 0
440 300 1 0
-2010 1140 1 0
860 1630 1 0
-2080 -890 1 0
2400 -1590 1 0
-2290 1910 1 0
-2360 2050 0 0
-2290 -890 1 0
-120 230 1 0
20 2120 1 0
-1450 -1660 1 0
-2500 1210 0 0
-2010 1210 1 0
-2220 1070 1 0
2260 -330 1 0
-2010 1280 1 0
1630 -960 1 0
-1660 1910 1 0
2120 930 1 0
-50 370 1 0
1280 -890 1 0
-2430 -2500 0 0
930 -1940 1 0
-50 2400 0 0
-1870 1070 1 0
-2360 -2010 1 0
-2010 1350 1 0
-1240 1560 1 0
-260 -2430 1 0
2120 -750 1 0
-1380 -540 1 0
230 -1170 1 0
-2290 -1730 1 0
720 -1800 1 0
-540 -2360 1 0
-1520 930 0 0
-2010 1420 1 0
-1310 1420 1 0
-2010 1700 1 0
-2010 -120 1 0
2050 -1310 1 0
1770 -540 1 0
-820 -2290 1 0
1280 720 1 0
-2150 1840 1 0
-1800 1840 1 0
580 230 1 0
580 90 1 0
1280 370 1 0
-2080 -470 1 0
-1310 720 1 0
-2010 1910 1 0
-1310 1700 1 0
860 -1170 1 0
160 -1240 1 0
-1800 370 1 0
-2010 1980 1 0
-1310 -1030 0 0
930 -820 1 0
-1940 440 1 0
-50 -2290 1 0
-2150 -2290 1 0
-1940 -750 1 0
1840 -330 1 0
440 -260 1 0
930 1980 1 0
-2360 2120 1 0
-2010 2050 1 0
-1940 -2430 1 0
1910 1700 1 0
-2430 -2430 0 0
-1800 -190 1 0
-1730 -1520 1 0
-1940 -2080 1 0
-470 1840 1 0
-2080 -1590 1 0
2330 230 1 0
-1940 -2010 1 0
-680 -2430 1 0
-1940 -1730 1 0
-680 -2150 1 0
2190 1630 1 0
230 -1660 1 0
-2290 720 1 0
-1870 300 1 0
-2010 -2150 1 0
90 1910 1 0
2260 -1450 1 0
-1590 -820 1 0
-1940 -260 1 0
-540 -1940 1 0
-1870 1700 1 0
-1940 -120 1 0
580 1630 1 0
-1940 300 1 0
-2220 440 1 0
510 2260 1 0
-1940 370 1 0
1000 -2430 1 0
790 -50 1 0
-820 2330 1 0
-50 -1240 1 0
-2430 -2080 1 0
-1590 510 1 0
-1870 -2290 1 0
-1660 -890 1 0
-1730 -960 1 0
-1870 -260 1 0
1560 -260 1 0
930 -1590 1 0
-750 -1380 1 0
-2430 230 1 0
-190 -2080 1 0
2470 1770 0 0
160 -820 1 0
-1520 -330 1 0
-1870 -1450 1 0
1910 -1380 1 0
-1450 -820 1 0
-1940 1000 1 0
-1030 1700 1 0
-890 -1730 1 0
1350 1840 1 0
-260 2120 1 0
1490 160 1 0
1280 -2150 1 0
-1940 1070 1 0
-50 230 1 0
2400 1490 0 0
1840 -2430 0 0
160 -120 1 0
-1940 2470 0 0
-1450 2260 1 0
-610 -2010 1 0
-1940 -1660 1 0
-2080 160 1 0
-610 440 1 0
-1940 1420 1 0
-330 580 1 0
1420 860 0 0
1000 860 1 0
-2220 2120 1 0
-750 -2360 1 0
-50 1140 0 0
-1030 -1520 0 0
-1520 -1450 0 0
-2010 -50 1 0
930 1420 1 0
-260 1420 1 0
-1940 2260 1 0
-1870 -2360 1 0
-470 370 1 0
580 -2010 1 0
-1800 1000 1 0
-1870 -2150 1 0
-680 1490 1 0
-1030 -2080 1 0
-2150 440 1 0
230 -1030 1 0
-1940 2120 1 0
790 -1940 1 0
-1660 2050 1 0
-820 1980 1 0
2050 -1730 1 0
-330 2260 1 0
-1870 -2010 1 0
20 -680 1 0
2470 -2290 0 0
440 90 1 0
-1170 -820 1 0
-1870 -1940 1 0
2120 2050 1 0
1700 510 1 0
-2150 1770 1 0
-470 -1240 1 0
-2010 -1240 1 0
-1870 -1730 1 0
1140 -1100 0 0
-540 2120 1 0
-1240 720 1 0
300 -890 1 0
-1660 -2430 1 0
-470 2330 1 0
-1870 -1590 1 0
-2080 1980 1 0
-50 1000 1 0
-2430 1210 0 0
-1940 -1100 1 0
-1870 -1100 1 0
-960 2330 1 0
1000 370 1 0
-2430 300 0 0
2050 -820 1 0
1630 -470 1 0
-1870 -610 1 0
1210 1350 1 0
370 -2430 1 0
-2220 -1590 1 0
-1030 -330 1 0
-1170 -1590 1 0
-260 1560 1 0
-2500 -1590 0 0
-2360 300 1 0
580 -1660 1 0
-2080 440 1 0
-610 1280 1 0
-1730 -470 1 0
90 -1800 1 0
1140 -1380 0 0
-1800 1630 1 0
-1520 1140 0 0
-820 720 1 0
-1520 1910 1 0
-1870 90 1 0
-2430 -470 0 0
230 1070 1 0
1980 -540 1 0
-1870 370 1 0
-2220 -610 1 0
-2430 930 0 0
-1240 -260 1 0
-1870 650 1 0
1280 -1660 1 0
300 -820 1 0
-750 -1240 1 0
-1590 -2220 1 0
-1730 510 1 0
-1870 860 1 0
1070 1910 1 0
-120 2470 0 0
-50 2190 1 0
-1870 1000 1 0
-1870 1490 1 0
160 1000 0 0
-2430 1910 0 0
-1100 1280 0 0
-750 580 1 0
-1100 1560 1 0
2400 -1870 1 0
-470 300 1 0
1630 -1590 1 0
1070 -1380 0 0
-1100 1630 1 0
580 1840 1 0
-1100 1700 1 0
1420 -1310 1 0
440 -330 1 0
-1100 1770 1 0
1980 650 1 0
-1100 1980 1 0
-1380 1560 1 0
-610 300 1 0
230 -1870 1 0
-1100 2050 1 0
1630 1770 1 0
-1940 1770 1 0
-1100 2120 1 0
-1590 1490 1 0
230 -2080 1 0
1700 -470 1 0
-1100 2190 1 0
1980 510 1 0
-750 1350 1 0
1910 -2500 0 0
1560 2470 0 0
-1100 2260 1 0
720 -1310 1 0
-1100 2400 0 0
-1170 1420 1 0
-1800 1980 1 0
-1100 2470 0 0
300 90 1 0
-1030 -2500 0 0
-330 1560 1 0
1350 930 0 0
90 -680 1 0
-1030 -2360 1 0
2260 1070 1 0
-1030 -2290 1 0
-1940 -1030 1 0
-1030 -2220 1 0
-890 -610 1 0
370 -330 1 0
-1030 -2150 1 0
-1030 -1940 1 0
-400 790 1 0
2400 -1730 1 0
-120 1630 1 0
160 1630 1 0
1070 -2290 1 0
160 2260 1 0
2190 1210 1 0
-1030 -1870 1 0
-400 1210 1 0
-1030 -1800 1 0
-400 2260 1 0
-120 1490 1 0
370 2470 0 0
2050 -1450 1 0
580 -260 1 0
-1030 -1380 1 0
-1590 -2150 1 0
-1030 -1310 1 0
2470 440 0 0
580 -1940 1 0
-2080 -50 1 0
20 -1030 1 0
-1030 -1240 1 0
-1030 -1170 1 0
2190 20 1 0
-50 2260 1 0
-2220 2260 1 0
-1030 -1100 1 0
-750 -1520 1 0
-1030 -820 1 0
370 -2500 0 0
-1030 -680 1 0
-470 1280 1 0
-1030 -470 1 0
1770 1770 1 0
1490 -470 1 0
-1030 -120 1 0
2400 -1800 1 0
-1030 20 1 0
1140 -1450 0 0
-1030 1840 1 0
1630 2470 0 0
-2360 -2150 1 0
-820 860 1 0
-1030 90 1 0
1840 1490 1 0
1420 -2080 1 0
-1030 300 1 0
1140 -2010 1 0
-2080 -1310 1 0
-680 -1660 1 0
-120 -50 1 0
1490 1910 1 0
-1030 650 1 0
-50 2120 1 0
-1310 -820 1 0
-1030 860 1 0
860 -330 1 0
-1030 930 1 0
-1030 1140 1 0
1700 -1310 1 0
790 650 1 0
-1030 1280 1 0
-2010 510 1 0
-1030 1350 1 0
370 230 1 0
-400 -2080 1 0
230 1770 1 0
1350 2330 1 0
-1030 1770 1 0
-1030 1910 1 0
-1310 -1520 1 0
-1030 1980 1 0
160 -680 1 0
-1030 2120 1 0
1000 1140 1 0
160 580 1 0
2190 160 1 0
440 2050 1 0
2260 230 1 0
-1030 2190 1 0
-1590 1560 1 0
-1030 2330 1 0
-1730 -1170 1 0
90 1070 1 0
-1240 -2080 1 0
-1030 2470 0 0
-820 230 1 0
-190 -2150 1 0
-1940 1280 1 0
-960 -2430 1 0
-470 -1730 1 0
-960 -2290 1 0
-960 -2150 1 0
-540 1700 1 0
-190 930 0 0
1840 -1800 1 0
-120 1910 1 0
1350 1210 1 0
-960 -1940 1 0
-960 -1800 1 0
2190 2330 0 0
-1240 -2360 1 0
-960 -1730 1 0
-1590 -400 1 0
-960 -1660 1 0
-960 -1590 1 0
-960 -1520 1 0
-2500 -1030 0 0
-960 -1380 1 0
-610 -1660 1 0
2260 2470 0 0
-960 -1310 1 0
-960 -1240 1 0
1840 2260 1 0
790 1140 1 0
-610 -540 1 0
-960 -400 1 0
-890 1210 1 0
-1590 720 1 0
-120 -1310 0 0
-960 -1030 1 0
-1870 -1310 1 0
-540 1980 1 0
230 -1730 1 0
-1380 -1800 1 0
-960 -610 1 0
1000 -1730 1 0
-960 -540 1 0
-820 -470 1 0
930 1910 1 0
-400 1840 1 0
1770 1980 1 0
-960 -470 1 0
-1800 -1730 1 0
-750 -1800 1 0
-960 -120 1 0
-2150 -2220 1 0
-960 -50 1 0
1490 -1240 0 0
-960 90 1 0
1490 -1870 1 0
-960 230 1 0
-960 300 1 0
1560 1770 1 0
930 1700 1 0
20 -2080 1 0
-750 90 1 0
-960 370 1 0
-960 510 1 0
-960 580 1 0
-960 720 1 0
-960 860 1 0
300 1210 1 0
-2010 440 1 0
-960 1000 1 0
-2290 -960 1 0
-960 1070 1 0
2330 -680 1 0
-960 1140 1 0
440 1420 1 0
20 2330 1 0
650 2400 0 0
-960 1350 1 0
1140 -820 1 0
-1660 -470 1 0
-960 1490 1 0
-1100 440 1 0
-960 1630 1 0
-470 1560 1 0
-960 1770 1 0
-2150 -330 1 0
-960 1840 1 0
2470 510 0 0
-1380 1350 0 0
-960 1910 1 0
-960 1980 1 0
720 -330 1 0
440 -2220 1 0
-960 2050 1 0
2190 1980 1 0
-960 2190 1 0
1840 -820 1 0
-960 2400 0 0
-540 1210 1 0
-890 -2500 0 0
-2220 1210 1 0
-890 -2430 1 0
-1730 230 1 0
-890 -2360 1 0
-330 370 1 0
-890 -2220 1 0
1490 1980 1 0
-1450 2190 1 0
-2500 1630 0 0
-1520 -960 1 0
-890 -2150 1 0
-1520 -890 1 0
20 1840 1 0
-890 -2080 1 0
-1030 370 1 0
-260 -890 1 0
-890 -1800 1 0
2050 -2360 1 0
-2360 -820 1 0
-1170 1910 1 0
-540 -820 1 0
230 -610 1 0
2330 -1520 1 0
-2010 -1520 1 0
-890 -1660 1 0
-890 -1310 1 0
-260 -1380 0 0
370 -2010 1 0
-610 -1730 1 0
2190 -1310 1 0
-890 -1240 1 0
-890 -1170 1 0
-890 -1100 1 0
-890 -960 1 0
2330 -1240 1 0
300 -2290 1 0
-890 -750 1 0
580 2400 0 0
-890 -680 1 0
-890 -470 1 0
-890 -330 1 0
-890 -260 1 0
-890 -120 1 0
-2220 1560 1 0
-190 -50 1 0
-890 20 1 0
-890 90 1 0
440 -2290 1 0
-890 230 1 0
-400 930 1 0
-890 300 1 0
-890 370 1 0
1980 -1310 1 0
-120 -1660 1 0
-890 440 1 0
-1240 -1800 1 0
-890 510 1 0
-1940 1350 1 0
-890 720 1 0
1070 370 1 0
-890 1070 1 0
2190 650 1 0
-2360 2260 0 0
-2500 -2430 0 0
-890 1140 1 0
-890 1280 1 0
-260 -1590 0 0
-190 -1170 1 0
1840 -2500 0 0
-890 1420 1 0
790 2190 1 0
-890 1490 1 0
-890 1630 1 0
-890 1700 1 0
90 1770 1 0
-890 1770 1 0
-820 2190 1 0
-890 1840 1 0
-1940 1910 1 0
510 -330 1 0
1070 -1520 0 0
440 -2430 1 0
-890 1980 1 0
-2430 -1380 0 0
-890 2050 1 0
90 -890 1 0
-890 2190 1 0
-890 2260 1 0
-1240 -400 1 0
-2500 860 0 0
-890 2330 1 0
-470 -750 1 0
-50 -750 1 0
-890 2470 0 0
1840 -190 1 0
-1030 580 1 0
-820 -2430 1 0
-1800 -2010 1 0
-2290 -260 1 0
-820 -2220 1 0
-820 -2080 1 0
-2010 -890 1 0
-820 -2010 1 0
-1030 -2430 1 0
20 650 1 0
-610 -1450 1 0
-470 -1940 1 0
-820 -1660 1 0
90 160 1 0
-820 -1590 1 0
-820 -1520 1 0
-820 -1380 1 0
-820 -1310 1 0
-820 -1240 1 0
-820 -1030 1 0
-820 -820 1 0
370 300 1 0
300 -260 1 0
-820 -610 1 0
2050 -610 1 0
-820 -400 1 0
-190 -2290 1 0
-820 -330 1 0
-820 -260 1 0
370 1350 1 0
2050 -1870 1 0
-2360 440 1 0
-820 -190 1 0
-820 -50 1 0
230 -1520 1 0
-120 1000 1 0
1210 -890 1 0
1140 -960 1 0
-820 20 1 0
580 1070 1 0
-820 -680 1 0
-820 160 1 0
-820 300 1 0
-750 -1660 1 0
580 930 1 0
-820 510 1 0
510 -260 1 0
-820 580 1 0
300 1980 1 0
1700 1840 1 0
-820 650 1 0
-820 790 1 0
2260 1840 1 0
-680 -2500 0 0
90 -1030 1 0
650 -470 1 0
580 -1380 1 0
1140 1630 1 0
160 -540 1 0
-820 930 1 0
-50 -1310 0 0
-820 1000 1 0
-260 -750 1 0
-820 1420 1 0
2120 -820 1 0
-820 1560 1 0
-750 440 1 0
-890 580 1 0
-820 1630 1 0
-120 2050 1 0
300 790 1 0
1000 510 1 0
-820 1700 1 0
-820 1770 1 0
-820 1910 1 0
1070 1420 1 0
-820 2050 1 0
510 -50 1 0
-820 2120 1 0
1700 -1940 1 0
860 -1450 1 0
-820 2260 1 0
-820 2400 0 0
-750 -2080 1 0
2120 1210 1 0
1840 1630 1 0
-2080 370 1 0
-750 -2010 1 0
-2500 -1450 0 0
-50 -1450 1 0
160 -1590 0 0
-750 -1940 1 0
-1450 -610 1 0
-750 -1450 1 0
-750 -1170 1 0
-1310 -1380 1 0
510 -890 1 0
1350 -1800 1 0
-750 -1030 1 0
-190 -1030 1 0
-1520 720 1 0
-750 -960 1 0
-750 -890 1 0
-680 510 1 0
-260 -1030 1 0
-260 -820 1 0
2260 860 1 0
20 510 1 0
1490 2470 0 0
370 1980 1 0
-750 -820 1 0
650 230 1 0
-2150 1700 1 0
-750 -750 1 0
1910 2260 1 0
-750 -610 1 0
-750 -400 1 0
860 300 1 0
-750 -50 1 0
-540 -260 1 0
-750 20 1 0
2260 2050 1 0
-750 370 1 0
-330 20 1 0
-750 650 1 0
1630 -1030 1 0
-1450 -260 1 0
-330 -540 1 0
580 -890 1 0
-750 720 1 0
-750 790 1 0
-190 2260 1 0
-750 1070 1 0
1910 -2010 1 0
-2150 -2500 0 0
-750 1140 1 0
-750 1210 1 0
2120 -2010 1 0
300 -2430 1 0
-750 1420 1 0
1210 -2080 1 0
-1030 2400 0 0
-750 1560 1 0
-750 1630 1 0
-1520 -1380 0 0
-400 -50 1 0
-750 1700 1 0
-750 2050 1 0
650 1490 1 0
510 -470 1 0
-750 2120 1 0
-260 1070 0 0
20 300 1 0
-1310 1350 0 0
-1940 860 1 0
-750 2190 1 0
510 -400 1 0
1210 2470 0 0
-750 2330 1 0
-750 2400 0 0
-1450 -1800 1 0
-680 -2360 1 0
370 -1240 1 0
-680 -2080 1 0
-470 2260 1 0
-890 -820 1 0
-540 2050 1 0
-680 -2010 1 0
230 -1800 1 0
-680 -1940 1 0
-680 -1870 1 0
-680 -1730 1 0
-50 1840 1 0
720 1980 1 0
-190 1000 0 0
1000 -680 1 0
-680 -1520 1 0
1770 1490 1 0
-1520 -1310 0 0
-680 -1310 1 0
-1100 1350 0 0
300 -1940 1 0
1490 510 1 0
-680 -1240 1 0
2400 90 0 0
1700 -400 1 0
-540 -1520 1 0
860 -1030 1 0
-680 -820 1 0
-680 -750 1 0
-680 -680 1 0
2260 -1730 1 0
1000 -1310 0 0
-1520 -260 1 0
-1170 -2080 1 0
-2430 2400 0 0
-680 -610 1 0
-1870 -120 1 0
-680 -540 1 0
230 580 1 0
-680 -330 1 0
440 860 1 0
-1940 2050 1 0
-680 -190 1 0
-2080 -2010 1 0
-680 -50 1 0
-680 -1030 1 0
-680 20 1 0
440 1280 1 0
-680 230 1 0
-680 370 1 0
1490 -330 1 0
-680 440 1 0
-680 580 1 0
-680 720 1 0
1910 1350 1 0
-680 1630 1 0
-680 860 1 0
-680 930 1 0
-120 -1240 1 0
90 1210 1 0
-680 1070 1 0
-680 1210 1 0
-680 1280 1 0
1280 -610 1 0
-680 1350 1 0
2470 1350 0 0
230 -2430 1 0
-680 1420 1 0
-680 1700 1 0
-1450 -50 1 0
-680 1840 1 0
-680 1910 1 0
510 1980 1 0
-680 1980 1 0
-1100 1490 1 0
-960 -260 1 0
160 1840 1 0
1280 90 1 0
-680 2050 1 0
-2010 -2500 0 0
-680 2120 1 0
650 -1380 1 0
-680 2400 0 0
-610 1070 1 0
-1240 -2150 1 0
-680 2470 0 0
1070 -1870 1 0
-610 -2500 0 0
510 -1240 1 0
-610 -2430 1 0
-610 -2360 1 0
580 860 1 0
-400 300 1 0
580 -1170 1 0
-610 -2290 1 0
-610 -2150 1 0
2190 -820 1 0
-1030 440 1 0
-610 -1940 1 0
790 -820 1 0
20 20 1 0
-610 -1800 1 0
1560 -1310 1 0
-610 -1590 1 0
580 1210 1 0
-610 -1520 1 0
2470 2120 0 0
-1030 -890 1 0
-610 -1380 1 0
-330 -1800 1 0
-610 -1310 1 0
-610 -1240 1 0
1420 1700 1 0
-1590 1140 1 0
-2150 2470 0 0
-610 -470 1 0
-610 -400 1 0
2260 -50 1 0
-610 -190 1 0
-610 -120 1 0
-1240 -50 1 0
-610 -50 1 0
-960 -2010 1 0
-610 20 1 0
-610 90 1 0
-610 160 1 0
-610 230 1 0
1630 1140 1 0
-1450 1700 1 0
-890 1000 1 0
-610 650 1 0
-2010 -1940 1 0
-260 1980 1 0
1560 1140 1 0
-610 720 1 0
-2220 2050 1 0
-610 790 1 0
-610 1000 1 0
-610 1210 1 0
2190 -1030 1 0
-2080 -2360 1 0
-610 1420 1 0
-2150 -2010 1 0
160 650 1 0
650 2470 0 0
-1730 -2080 1 0
-610 1490 1 0
860 1140 1 0
-1310 650 1 0
-50 1630 1 0
-1240 -1240 1 0
-610 1560 1 0
-2430 -400 0 0
-610 1630 1 0
-330 1140 1 0
1420 230 1 0
-260 -470 1 0
-1170 2120 1 0
-610 2120 1 0
-2290 -680 1 0
-1030 510 1 0
-610 2190 1 0
-610 2260 1 0
-610 2400 0 0
1560 -1030 1 0
-540 -2010 1 0
300 -2360 1 0
1280 -680 1 0
-540 -1870 1 0
-1170 300 1 0
-540 -1730 1 0
-1100 -1730 1 0
-400 -1170 1 0
1840 1350 1 0
790 -190 1 0
-540 -1660 1 0
-540 -1450 1 0
90 510 1 0
440 2470 0 0
-540 -1380 1 0
-120 -2500 0 0
-540 -1100 1 0
1560 370 1 0
-540 -1030 1 0
-540 -890 1 0
1910 930 1 0
-1240 1140 1 0
-260 1910 1 0
-540 -750 1 0
-540 -680 1 0
1280 580 1 0
-1100 1070 0 0
-470 -1310 1 0
-540 -610 1 0
-190 -2500 0 0
-540 -540 1 0
1630 720 1 0
300 2050 1 0
-540 -470 1 0
-540 -400 1 0
-540 -120 1 0
-540 90 1 0
-1380 -120 1 0
-540 160 1 0
2470 580 0 0
-2290 -50 1 0
-540 230 1 0
930 1070 1 0
300 -2220 1 0
-540 370 1 0
230 1210 1 0
-540 440 1 0
230 -50 1 0
-1170 1000 0 0
-2290 790 1 0
-540 580 1 0
-540 650 1 0
-540 720 1 0
-540 1070 1 0
-540 1140 1 0
-330 -680 1 0
-540 1280 1 0
-540 1350 1 0
1210 -1800 1 0
-1170 -1520 1 0
-540 1560 1 0
-540 1770 1 0
160 -330 1 0
-540 1840 1 0
1210 -680 1 0
-540 1910 1 0
230 -820 1 0
-540 2190 1 0
860 370 1 0
90 230 1 0
-2080 -120 1 0
-540 2260 1 0
2330 -400 1 0
-470 -2430 1 0
-680 -470 1 0
300 1560 1 0
-2430 -1520 0 0
-470 -2290 1 0
-470 -2220 1 0
-470 -2150 1 0
-470 -1660 1 0
370 1840 1 0
-470 930 1 0
2120 -1730 1 0
-470 -1590 1 0
-470 -1520 1 0
230 440 1 0
1210 -820 1 0
-470 -1380 1 0
-470 -1170 1 0
860 2470 0 0
-470 -1100 1 0
580 -120 1 0
-470 -1030 1 0
650 20 1 0
-50 790 0 0
-470 -680 1 0
2050 -1520 1 0
90 -2500 0 0
-470 -540 1 0
-470 -470 1 0
-470 -330 1 0
860 -400 1 0
-470 -260 1 0
-470 -190 1 0
-470 -120 1 0
-120 440 1 0
-470 20 1 0
2050 860 1 0
-470 440 1 0
2190 -2290 1 0
-470 650 1 0
650 2190 1 0
20 -1100 1 0
-470 720 1 0
1840 -1380 1 0
1350 -190 1 0
-470 790 1 0
-2500 -2010 0 0
510 -2010 1 0
-2500 -890 0 0
-2150 -2150 1 0
-470 1000 1 0
-120 300 1 0
2470 -1730 0 0
1700 860 1 0
-470 1070 1 0
-470 1140 1 0
-470 1420 1 0
-890 2400 0 0
-1940 -1870 1 0
-470 1630 1 0
2470 860 0 0
-2010 230 1 0
160 -2430 1 0
-470 2050 1 0
-470 2120 1 0
-470 2400 0 0
-470 2470 0 0
-400 1630 1 0
-400 2050 1 0
-400 -2430 1 0
1770 580 1 0
720 -1170 1 0
-1730 -1660 1 0
-400 -820 1 0
1070 2050 1 0
160 1280 1 0
-400 -2360 1 0
-330 -1660 1 0
-400 -2290 1 0
1000 2260 1 0
-260 -1660 0 0
-400 -2220 1 0
-400 -1940 1 0
-400 -1870 1 0
1560 -1730 1 0
-400 -1730 1 0
90 -470 1 0
-1520 90 1 0
-400 -1590 1 0
-400 -1520 1 0
2120 510 1 0
-400 -1450 1 0
-400 -1310 1 0
-400 -1100 1 0
-400 -890 1 0
-400 -750 1 0
1980 2400 0 0
-50 -330 1 0
-2430 -540 0 0
440 -1590 1 0
1980 -1240 1 0
1910 -260 1 0
-1800 -1310 1 0
-400 -540 1 0
1140 440 1 0
-1170 -260 1 0
-400 -330 1 0
90 -1590 1 0
-1450 1070 0 0
440 440 1 0
-400 -260 1 0
1070 -1170 0 0
-400 -190 1 0
-400 -120 1 0
-400 20 1 0
-1940 -1450 1 0
580 -1590 1 0
-960 -2080 1 0
-400 370 1 0
-400 510 1 0
1560 -2220 1 0
-400 720 1 0
1210 -610 1 0
720 1210 1 0
-400 860 1 0
-2080 1420 1 0
-750 -470 1 0
-400 1000 1 0
-400 1140 1 0
2330 860 1 0
1140 -2220 1 0
-400 1350 1 0
-400 1420 1 0
-400 1490 1 0
2470 1140 0 0
1700 440 1 0
580 1770 1 0
-400 1560 1 0
-400 1910 1 0
90 300 1 0
-1240 -890 1 0
370 1280 1 0
-680 -960 1 0
-1170 -540 1 0
-2360 1700 1 0
-400 1980 1 0
1560 300 1 0
-260 -1730 0 0
-400 2120 1 0
790 -1450 1 0
160 -1520 0 0
370 -1100 1 0
-400 2330 1 0
-1940 1980 1 0
-960 -2500 0 0
90 -260 1 0
-1940 2400 0 0
-400 2400 0 0
-400 2470 0 0
-330 -2500 0 0
1070 90 1 0
-330 -2290 1 0
1140 -2430 1 0
-330 -2080 1 0
-330 -2010 1 0
-50 -890 1 0
-1800 -680 1 0
-330 -1940 1 0
-2430 2470 0 0
-330 -1870 1 0
-330 -1730 1 0
-330 -1450 1 0
-1590 -680 1 0
-330 -1310 1 0
-330 -1240 1 0
-1380 -400 1 0
-330 -1030 1 0
-330 -820 1 0
510 -2220 1 0
1420 -330 1 0
-330 -750 1 0
-330 -260 1 0
2190 1070 1 0
-330 -190 1 0
-330 -120 1 0
1490 20 1 0
510 1840 1 0
-820 -1450 1 0
-330 90 1 0
-330 160 1 0
-330 300 1 0
-1310 1210 1 0
370 930 1 0
1980 1910 1 0
1070 -1450 0 0
-330 510 1 0
-50 2050 1 0
1630 -680 1 0
230 -120 1 0
-330 650 1 0
-50 -190 1 0
-330 720 1 0
-330 790 1 0
1350 2050 1 0
1140 -1170 0 0
1070 -400 1 0
-1030 790 1 0
-260 -120 1 0
20 230 1 0
-330 1070 1 0
-50 -2220 1 0
1770 1280 1 0
-330 1210 1 0
-330 1490 1 0
-330 1630 1 0
-2080 -610 1 0
-330 1840 1 0
-2150 -1100 1 0
-330 1980 1 0
-330 2050 1 0
-330 2120 1 0
-190 1560 1 0
-330 2190 1 0
-1800 300 1 0
510 1070 1 0
1700 -2500 0 0
-2220 -1520 1 0
-330 2470 0 0
-260 -2500 0 0
-260 -2360 1 0
2330 -120 1 0
-260 -2290 1 0
-260 -2220 1 0
-260 -2150 1 0
-260 -2010 1 0
-1730 2050 1 0
-260 -1940 1 0
2330 930 1 0
580 2330 1 0
-260 -1800 0 0
-50 -680 1 0
580 2190 1 0
-260 -1520 0 0
370 -260 1 0
2050 1420 1 0
-260 -1310 0 0
-260 -540 1 0
-260 -400 1 0
-2430 -680 0 0
-260 -330 1 0
-260 -260 1 0
-260 -50 1 0
370 -1660 1 0
-260 20 1 0
160 1490 1 0
1560 1350 1 0
-1520 -190 1 0
-260 90 1 0
-260 230 1 0
-260 440 1 0
-260 580 1 0
-260 720 1 0
1980 -330 1 0
-470 -50 1 0
-50 -1660 1 0
20 -2360 1 0
-260 790 0 0
-260 930 0 0
1280 -1870 1 0
-260 1000 0 0
-260 1140 0 0
-260 1210 1 0
1210 -1940 1 0
-260 1280 1 0
-260 1490 1 0
-260 510 1 0
-260 1630 1 0
-1100 -470 1 0
-260 1700 1 0
-260 1770 1 0
-1100 -1380 0 0
-1450 -1170 1 0
-330 -2220 1 0
-1870 580 1 0
-260 2050 1 0
-260 2190 1 0
930 1630 1 0
-1240 -1730 1 0
-260 2260 1 0
-260 2400 0 0
-190 -2360 1 0
-190 -2010 1 0
2470 2400 0 0
-470 1210 1 0
-190 -1660 0 0
-1730 -2010 1 0
-190 -1590 0 0
370 -750 1 0
-2430 -2290 1 0
-190 -1520 0 0
1420 -820 1 0
230 -1240 1 0
-190 -1380 0 0
-190 -1310 0 0
-1730 1280 1 0
-2290 -2430 1 0
-190 -1240 1 0
-190 -1100 1 0
-190 -960 1 0
1910 1420 1 0
-190 -890 1 0
-2360 1210 1 0
-190 -610 1 0
510 860 1 0
-1450 -2080 1 0
-820 440 1 0
-190 -540 1 0
-190 -120 1 0
1840 -400 1 0
-190 160 1 0
-190 300 1 0
1210 230 1 0
-190 440 1 0
1980 1070 1 0
790 1000 1 0
-50 1910 1 0
-610 -1100 1 0
160 1700 1 0
2120 860 1 0
370 -1730 1 0
-190 510 1 0
-190 790 0 0
510 -2500 0 0
-190 860 0 0
-190 1140 0 0
2050 -2010 1 0
-1730 20 1 0
-190 1350 1 0
370 -120 1 0
-190 1420 1 0
-190 1630 1 0
-190 1770 1 0
-890 -1520 1 0
-1800 -1100 1 0
-2150 -750 1 0
160 860 0 0
-470 -820 1 0
230 -2150 1 0
510 1140 1 0
-1940 -1170 1 0
-190 1980 1 0
-1170 -1800 1 0
300 -2150 1 0
-1380 2050 1 0
-190 2190 1 0
-330 1350 1 0
-190 2330 1 0
-190 2470 0 0
790 2470 0 0
440 1490 1 0
-120 -2360 1 0
1420 -1870 1 0
-120 -2220 1 0
-2500 -330 0 0
-120 -2150 1 0
-120 -2080 1 0
-260 370 1 0
-120 -1870 1 0
-120 -1590 1 0
-1170 -2220 1 0
-120 -1450 1 0
-960 -190 1 0
-120 -1380 0 0
-120 -1100 1 0
-400 2190 1 0
-120 -1030 1 0
-2150 90 1 0
-120 -960 1 0
-120 -890 1 0
-120 -680 1 0
-120 -610 1 0
-260 2470 0 0
-120 -540 1 0
1070 1140 0 0
-120 -330 1 0
-50 -610 1 0
-120 20 1 0
-120 90 1 0
-120 720 0 0
1840 930 1 0
-120 790 0 0
-120 860 1 0
-1800 930 1 0
-1660 2120 1 0
-120 1140 0 0
1000 1070 1 0
-750 -1730 1 0
-120 1280 1 0
-1100 -50 1 0
-120 1350 1 0
90 -2010 1 0
1140 1280 0 0
-1590 -960 1 0
300 1770 1 0
-120 1420 1 0
-120 1770 1 0
1070 -2430 1 0
20 1070 1 0
860 860 1 0
720 1490 1 0
-2080 1840 1 0
440 -960 1 0
-120 1840 1 0
90 20 1 0
1070 -680 1 0
-1870 2190 1 0
-120 2120 1 0
-120 2400 0 0
-50 -2500 0 0
2330 1770 1 0
720 720 1 0
-50 -2360 1 0
860 -750 1 0
-1030 -750 1 0
-50 -2150 1 0
-1940 160 1 0
-1520 -2150 1 0
-50 -2080 1 0
-1380 370 1 0
-1660 160 1 0
-50 -2010 1 0
-50 -1940 1 0
1840 90 1 0
1210 -2220 1 0
-1590 1210 1 0
370 650 1 0
-50 -1800 1 0
-2080 -1380 1 0
-50 -1730 0 0
-50 -1590 1 0
-50 -1520 1 0
-50 -1380 0 0
-1100 160 1 0
440 1840 1 0
-400 90 1 0
-50 -1170 1 0
2050 160 1 0
1490 1560 1 0
-820 -1800 1 0
-50 -1100 1 0
-2220 1350 1 0
-50 -820 1 0
-960 790 1 0
-50 -540 1 0
160 -1450 0 0
370 160 1 0
-1870 -470 1 0
-50 -470 1 0
-50 -120 1 0
370 -1800 1 0
-50 -50 1 0
-50 20 1 0
-50 160 1 0
-50 300 1 0
580 -2360 1 0
-1590 1420 1 0
20 160 1 0
-1520 -1800 1 0
-260 160 1 0
-50 510 1 0
-1590 1630 1 0
-50 580 1 0
-1940 1140 1 0
-50 650 1 0
160 -400 1 0
-2290 -2010 1 0
-960 -2220 1 0
-890 1350 1 0
-50 720 0 0
-50 860 1 0
-50 1070 1 0
1280 230 1 0
-50 1210 1 0
-960 -1450 1 0
-50 1280 1 0
-50 1350 1 0
-50 1420 1 0
-1450 440 1 0
-50 1490 1 0
1840 -1590 1 0
-1240 1070 1 0
-50 1560 1 0
-470 160 1 0
-190 1840 1 0
-50 1770 1 0
2050 -2290 1 0
1980 -2010 1 0
1420 930 0 0
650 -1940 1 0
160 -1380 0 0
2330 -2150 1 0
580 -400 1 0
-1870 -1030 1 0
-2290 160 1 0
-50 1980 1 0
90 -1310 0 0
-1240 580 1 0
-50 2470 0 0
160 -960 1 0
20 -2500 0 0
-2290 1980 1 0
20 -2430 1 0
20 -2220 1 0
20 -2010 1 0
20 -1800 1 0
1070 2470 0 0
-2430 1420 0 0
-2220 860 1 0
-960 -1100 1 0
300 -1870 1 0
20 -1730 0 0
20 -1660 1 0
20 -1590 1 0
20 -1380 0 0
510 -540 1 0
20 -1170 1 0
-540 -50 1 0
20 -960 1 0
20 -820 1 0
20 -610 1 0
-2500 -2500 0 0
20 -540 1 0
20 -330 1 0
720 -1030 1 0
20 -260 1 0
20 -190 1 0
20 -120 1 0
790 -610 1 0
160 1910 1 0
20 -50 1 0
-400 -680 1 0
20 90 1 0
-540 1630 1 0
510 2470 0 0
1630 -2430 1 0
20 370 1 0
-750 -540 1 0
20 440 1 0
20 720 0 0
-1450 1420 1 0
20 1210 1 0
-2220 370 1 0
-120 510 1 0
20 1280 1 0
1630 -1520 1 0
20 1490 1 0
20 1560 1 0
-1240 90 1 0
-190 1210 1 0
-1940 -470 1 0
20 1700 1 0
2330 370 1 0
1350 1280 1 0
90 930 1 0
20 1910 1 0
790 2400 0 0
20 1980 1 0
20 2050 1 0
20 2260 1 0
20 2400 0 0
90 -2360 1 0
90 -2290 1 0
90 -2220 1 0
90 -2150 1 0
-2150 1280 1 0
90 -2080 1 0
-2430 -50 1 0
90 -1450 1 0
-330 2400 0 0
90 -1380 0 0
90 -1170 1 0
1140 2050 1 0
-1660 1000 1 0
-2010 -1590 1 0
90 -1100 1 0
-540 -1800 1 0
90 -960 1 0
-820 1840 1 0
-680 90 1 0
90 -820 1 0
2190 -1100 1 0
-330 -1590 1 0
230 -540 1 0
90 -750 1 0
90 -540 1 0
160 -1100 1 0
160 2330 1 0
90 -330 1 0
90 -120 1 0
-1310 2120 1 0
90 -50 1 0
-2220 720 1 0
90 90 1 0
-1170 -2010 1 0
230 -960 1 0
-2500 790 0 0
90 370 1 0
90 580 1 0
1560 -680 1 0
-1940 580 1 0
90 1000 1 0
90 1420 1 0
2470 1000 0 0
90 1490 1 0
90 1630 1 0
90 1700 1 0
2400 1140 0 0
-1100 -1520 1 0
90 1840 1 0
-1170 20 1 0
90 1980 1 0
1490 -1380 0 0
-1940 1560 1 0
-960 -820 1 0
90 2050 1 0
90 2120 1 0
2120 2260 1 0
90 2260 1 0
-2360 -680 1 0
90 2470 0 0
160 -2500 0 0
-1520 -400 1 0
160 -2290 1 0
160 -2150 1 0
160 -1940 1 0
160 -1800 1 0
160 1980 1 0
160 -1660 0 0
440 -540 1 0
510 -1100 1 0
510 370 1 0
160 -1170 1 0
720 -2290 1 0
160 -1030 1 0
160 -750 1 0
160 -610 1 0
860 580 1 0
160 -260 1 0
160 -190 1 0
2400 -890 1 0
160 230 1 0
1280 -260 1 0
160 300 1 0
2400 1840 0 0
930 -2220 1 0
160 370 1 0
160 790 0 0
1280 510 1 0
160 930 0 0
1980 -2500 0 0
160 1140 0 0
160 1210 0 0
860 -1240 1 0
160 1350 1 0
160 1560 1 0
-750 -2500 0 0
-1520 -1030 0 0
160 2400 0 0
300 1350 1 0
160 2470 0 0
230 -2010 1 0
230 -1940 1 0
-1170 1070 0 0
230 -1310 0 0
230 -890 1 0
-1240 160 1 0
-2430 510 0 0
230 -190 1 0
230 20 1 0
230 90 1 0
230 160 1 0
-680 -1800 1 0
230 300 1 0
230 370 1 0
300 160 1 0
230 650 1 0
-1800 2050 1 0
230 720 0 0
-890 790 1 0
230 790 1 0
230 860 1 0
440 930 1 0
930 -1030 1 0
-1520 -680 1 0
230 930 1 0
-2150 -2080 1 0
-1940 -2220 1 0
230 1000 1 0
230 1140 1 0
230 1280 1 0
-1730 -680 1 0
230 1350 1 0
-470 1910 1 0
230 1420 1 0
1000 -400 1 0
-680 -1590 1 0
230 1490 1 0
-470 -2010 1 0
230 1560 1 0
230 1630 1 0
1210 -1030 0 0
370 -1520 1 0
2050 -2220 1 0
90 -1520 1 0
-820 90 1 0
230 1700 1 0
930 580 1 0
230 1840 1 0
720 -2150 1 0
160 1070 0 0
-2430 -1800 0 0
230 2400 0 0
300 -2080 1 0
930 -2080 1 0
300 -1450 1 0
300 -1310 1 0
1560 650 1 0
-2360 230 1 0
-2010 720 1 0
-820 1280 1 0
300 -1170 1 0
230 -750 1 0
300 -1030 1 0
1490 650 1 0
1210 20 1 0
-120 -1800 1 0
300 -960 1 0
300 -680 1 0
300 1140 1 0
300 -540 1 0
-1940 -1590 1 0
-400 650 1 0
300 -400 1 0
-330 860 1 0
300 -330 1 0
300 -120 1 0
-1310 -2150 1 0
300 -50 1 0
440 -750 1 0
1280 -1590 1 0
580 -2500 0 0
300 230 1 0
1630 -1310 1 0
860 2400 0 0
-1730 -2430 1 0
300 300 1 0
-120 650 1 0
300 370 1 0
300 440 1 0
300 510 1 0
-50 440 1 0
300 930 1 0
440 -2080 1 0
300 1000 1 0
-1170 2470 0 0
-2430 1350 0 0
300 1280 1 0
1840 1140 1 0
-680 -2290 1 0
300 1420 1 0
-2010 300 1 0
300 1630 1 0
300 1700 1 0
300 1840 1 0
300 2190 1 0
300 2330 1 0
300 2400 0 0
300 2470 0 0
-2360 790 1 0
440 -1450 1 0
370 -2360 1 0
1420 -680 1 0
-1170 90 1 0
370 -2220 1 0
370 -2080 1 0
-1800 -2430 1 0
370 -1590 1 0
1910 1630 1 0
370 -1450 1 0
370 -1380 1 0
370 -1170 1 0
370 -890 1 0
1560 930 1 0
-1730 1140 1 0
370 -820 1 0
370 -610 1 0
1560 -1590 1 0
370 -540 1 0
1000 -2290 1 0
370 90 1 0
2400 -2080 0 0
370 440 1 0
1630 1420 1 0
370 510 1 0
370 580 1 0
-960 2470 0 0
370 1070 1 0
370 1210 1 0
370 1420 1 0
-1240 1280 0 0
440 -1520 1 0
370 1490 1 0
370 1560 1 0
790 1840 1 0
-1380 1140 1 0
-2080 -2150 1 0
370 1630 1 0
-1520 230 1 0
370 1700 1 0
-2360 -120 1 0
370 1770 1 0
1630 -2360 1 0
-750 1280 1 0
370 1910 1 0
1700 -1870 1 0
510 2120 1 0
160 -470 1 0
370 2120 1 0
370 2260 1 0
-1520 -50 1 0
370 2330 1 0
1700 -890 1 0
440 2190 1 0
370 2400 0 0
1910 1560 1 0
440 -2500 0 0
2050 1630 1 0
440 -2360 1 0
440 -2150 1 0
860 -960 1 0
-330 -1520 1 0
-120 -1940 1 0
440 -1800 1 0
-190 2400 0 0
440 -1730 1 0
440 -1660 1 0
440 -1380 1 0
440 -1100 1 0
1630 -2290 1 0
-2360 1910 1 0
440 -890 1 0
-1310 -2220 1 0
440 -680 1 0
1770 230 1 0
440 -190 1 0
930 90 1 0
160 -50 1 0
440 -50 1 0
-120 160 1 0
440 160 1 0
440 580 1 0
-330 -400 1 0
440 650 1 0
860 1000 1 0
-400 -960 1 0
440 1000 1 0
440 1070 1 0
440 1140 1 0
-260 860 0 0
440 1210 1 0
-1730 -1380 1 0
230 -400 1 0
440 1560 1 0
650 -190 1 0
440 1630 1 0
440 1770 1 0
1140 -680 1 0
-1520 -120 1 0
-2150 -1520 1 0
440 1910 1 0
440 1980 1 0
-1240 1770 1 0
-1660 300 1 0
440 2120 1 0
720 1070 1 0
440 2260 1 0
1560 -540 1 0
-1240 -2290 1 0
510 -2430 1 0
510 -2080 1 0
-610 -1170 1 0
510 -1940 1 0
1770 -1590 1 0
510 -1730 1 0
-1030 -50 1 0
510 -1660 1 0
510 -1590 1 0
510 -1520 1 0
510 -1450 1 0
510 -1380 1 0
510 -1030 1 0
510 -960 1 0
510 -820 1 0
-2150 860 1 0
510 -750 1 0
510 -680 1 0
510 -190 1 0
510 -120 1 0
1420 -1240 1 0
-2220 -2500 0 0
510 20 1 0
510 90 1 0
510 230 1 0
510 300 1 0
510 440 1 0
1280 1140 1 0
720 1700 1 0
510 510 1 0
510 720 1 0
790 90 1 0
510 790 1 0
510 1000 1 0
510 1210 1 0
1700 300 1 0
510 1280 1 0
2400 1560 0 0
1980 -890 1 0
1910 -1940 1 0
790 -2010 1 0
510 1420 1 0
-2010 930 1 0
510 1490 1 0
510 1560 1 0
510 1630 1 0
-890 -890 1 0
510 1770 1 0
510 2050 1 0
510 2190 1 0
90 -1660 1 0
510 2330 1 0
580 -2430 1 0
580 -2290 1 0
2470 -1940 0 0
580 -2220 1 0
580 -2150 1 0
-540 -2290 1 0
580 -2080 1 0
580 -1800 1 0
1910 580 1 0
-2430 -1590 0 0
580 -1520 1 0
580 -1310 1 0
-2290 -1170 1 0
580 -1240 1 0
440 370 1 0
580 -1100 1 0
580 -820 1 0
580 -750 1 0
-1380 -610 1 0
580 -680 1 0
-2010 2400 0 0
580 -610 1 0
-2360 1070 1 0
-2080 510 1 0
-610 930 1 0
580 -540 1 0
-540 1420 1 0
580 -470 1 0
2050 1210 1 0
20 1350 1 0
-2360 930 1 0
580 -330 1 0
580 -190 1 0
580 160 1 0
